TUCASEID,TEAGE_EC,TEELDUR,TEELWHO,TEELYRS,TRELHH,TUECLNO,TULINENO,TXAGE_EC,TXELDUR,TXELWHO,TXELYRS
20180101180165,59,2,33,-1,0,4,-1,0,0,0,-1
20180101180165,64,4,34,2,0,5,-1,0,0,0,0
20180101180532,80,4,33,3,0,5,-1,60,0,0,0
20180101180532,85,4,34,3,0,6,-1,60,0,0,0
20180101180542,80,4,34,2,0,5,-1,60,0,0,0
20180101180542,75,2,40,-1,0,6,-1,0,0,0,-1
20180101180555,55,4,20,6,1,2,2,0,0,0,0
20180101180710,85,4,47,5,0,4,-1,60,0,0,0
20180101180817,85,4,44,12,0,7,-1,60,0,0,0
20180101180892,76,4,33,5,0,3,-1,0,0,0,0
20180101180892,85,4,39,5,0,4,-1,60,0,0,0
20180101180892,85,4,40,5,0,5,-1,60,0,0,0
20180101180956,75,1,39,-1,0,4,-1,0,0,0,-1
20180101181029,85,2,38,-1,0,2,-1,60,0,0,-1
20180101181055,62,4,33,10,0,2,-1,0,0,0,0
20180101181055,62,4,34,10,0,3,-1,0,0,0,0
20180101181055,85,4,47,10,0,4,-1,60,0,0,0
20180101181055,85,4,48,10,0,5,-1,60,0,0,0
20180101181130,77,4,49,10,0,3,-1,0,0,0,0
20180101181184,77,1,33,-1,0,2,-1,0,0,0,-1
20180101181198,66,3,43,-1,0,2,-1,0,0,0,-1
20180101181223,54,4,20,4,1,2,2,0,0,0,0
20180101181314,69,2,47,-1,0,5,-1,0,0,0,-1
20180101181314,70,2,48,-1,0,6,-1,0,0,0,-1
20180101181314,73,3,44,-1,0,7,-1,0,0,0,-1
20180101181414,64,1,41,-1,0,6,-1,0,0,0,-1
20180101181449,80,4,33,2,0,7,-1,60,0,0,0
20180101181474,56,4,33,5,0,2,-1,0,0,0,0
20180101181493,85,2,44,-1,0,2,-1,60,0,0,-1
20180101181493,85,3,56,-1,0,3,-1,60,0,0,-1
20180101181513,85,4,34,10,0,2,-1,60,0,0,0
20180101181551,64,4,24,8,1,2,2,0,0,0,0
20180101181564,80,1,48,-1,0,5,-1,0,0,0,-1
20180101181648,85,1,20,-1,1,2,2,0,0,0,-1
20180101181678,85,4,24,5,1,2,2,60,0,0,0
20180101181683,55,4,43,5,0,2,-1,0,0,0,0
20180101181710,85,4,24,5,1,2,2,0,0,0,0
20180101181738,58,2,20,-1,1,2,2,0,0,0,-1
20180101181768,69,4,33,7,0,5,-1,0,0,0,0
20180101181768,78,4,41,3,0,6,-1,0,0,0,0
20180101181935,80,3,47,-1,0,3,-1,60,0,0,-1
20180101182009,85,4,39,5,0,2,-1,60,0,0,0
20180101182010,85,4,24,6,1,2,2,0,0,0,0
20180101182015,74,2,43,-1,0,2,-1,0,0,0,-1
20180101182102,85,4,47,5,0,8,-1,60,0,0,0
20180101182177,85,4,33,10,0,3,-1,61,0,0,0
20180101182192,85,1,44,-1,0,3,-1,60,0,0,-1
20180101182192,85,1,44,-1,0,4,-1,60,0,0,-1
20180101182255,47,4,56,2,0,7,-1,0,0,0,0
20180101182255,65,4,42,3,0,8,-1,0,0,0,0
20180101182255,51,4,24,10,1,2,2,0,0,0,0
20180101182255,61,4,24,20,1,3,3,0,0,0,0
20180101182262,85,4,33,2,0,3,-1,60,0,0,0
20180101182355,80,1,47,-1,0,4,-1,60,0,0,-1
20180101182416,80,4,33,7,0,4,-1,60,0,0,0
20180101182449,85,4,56,2,0,3,-1,60,0,0,0
20180101182480,75,1,49,-1,0,3,-1,0,0,0,-1
20180110172107,80,4,39,2,0,3,-1,60,0,0,0
20180111170016,60,4,20,2,1,2,2,0,0,0,0
20180111170512,76,4,56,2,0,3,-1,0,0,0,0
20180111170620,80,4,44,13,0,3,-1,60,0,0,0
20180111170625,71,3,56,-1,0,2,-1,42,0,0,-1
20180111170625,67,4,41,20,0,3,-1,0,0,0,0
20180111170887,76,4,33,2,0,2,-1,0,0,0,0
20180111170887,78,4,34,2,0,3,-1,0,0,0,0
20180111170961,85,1,34,-1,0,3,-1,60,0,0,-1
20180111171209,85,4,43,2,0,3,-1,60,0,0,0
20180111171277,67,4,39,10,0,5,-1,0,0,0,0
20180111171296,85,4,24,8,1,2,2,0,0,0,0
20180111171296,80,4,24,8,1,3,3,0,0,0,0
20180111171300,70,4,56,10,0,3,-1,0,0,0,0
20180111171300,71,4,33,15,0,4,-1,0,0,0,0
20180111171326,85,4,33,15,0,2,-1,60,0,0,0
20180111171397,80,3,47,-1,0,3,-1,0,0,0,-1
20180111171407,80,4,48,8,0,4,-1,60,0,0,0
20180111171419,53,4,20,10,1,2,2,0,0,0,0
20180111171436,75,4,33,5,0,5,-1,0,0,0,0
20180111171504,80,4,33,5,0,5,-1,0,0,0,0
20180111171504,85,4,40,5,0,6,-1,60,0,0,0
20180111171611,76,1,42,-1,0,4,-1,0,0,0,-1
20180111171699,70,4,44,3,0,3,-1,0,0,0,0
20180111171699,80,3,43,-1,0,4,-1,60,0,0,-1
20180111171740,85,3,39,-1,0,3,-1,60,0,0,-1
20180111171752,80,4,33,2,0,5,-1,60,0,0,0
20180111171795,65,3,30,-1,1,2,2,0,0,0,-1
20180111171834,74,4,20,2,1,2,2,0,0,0,0
20180111171866,85,1,56,-1,0,6,-1,60,0,0,-1
20180111171866,85,1,56,-1,0,7,-1,60,0,0,-1
20180111171866,85,1,56,-1,0,8,-1,60,0,0,-1
20180111171866,60,1,56,-1,0,9,-1,0,0,0,-1
20180111171866,85,1,56,-1,0,10,-1,60,0,0,-1
20180111171910,65,3,56,-1,0,3,-1,0,0,0,-1
20180111171910,74,4,56,3,0,4,-1,0,0,0,0
20180111171910,80,4,56,7,0,5,-1,60,0,0,0
20180111171910,70,2,56,-1,0,6,-1,0,0,0,-1
20180111171914,59,4,33,2,0,6,-1,0,0,0,0
20180111172024,70,4,44,4,0,6,-1,0,0,0,0
20180111172024,60,4,44,4,0,7,-1,0,0,0,0
20180111172153,69,1,34,-1,0,5,-1,0,0,0,-1
20180111172257,62,1,33,-1,0,6,-1,0,0,0,-1
20180111172266,72,2,44,-1,0,2,-1,0,0,0,-1
20180111172280,55,1,33,-1,0,3,-1,0,0,0,-1
20180111172280,65,1,34,-1,0,4,-1,0,0,0,-1
20180111172333,85,1,41,-1,0,5,-1,60,0,0,-1
20180111172375,85,1,34,-1,0,3,-1,60,0,0,-1
20180111172416,62,4,25,8,1,3,3,0,0,0,0
20180111172515,77,4,33,4,0,5,-1,0,0,0,0
20180111172515,85,4,39,6,0,6,-1,60,0,0,0
20180112170052,85,4,47,10,0,7,-1,60,0,0,0
20180112170147,85,1,47,-1,0,4,-1,60,0,0,-1
20180112170501,85,4,20,8,1,2,2,0,0,0,0
20180112170562,85,4,33,2,0,2,-1,60,0,0,0
20180112170564,80,3,33,-1,0,5,-1,60,0,0,-1
20180112170580,76,4,47,3,0,5,-1,0,0,0,0
20180112170583,63,4,47,3,0,6,-1,0,0,0,0
20180112170586,80,1,56,-1,0,2,-1,60,0,0,-1
20180112170586,76,1,56,-1,0,3,-1,0,0,0,-1
20180112170586,75,1,56,-1,0,4,-1,0,0,0,-1
20180112170586,62,2,56,-1,0,5,-1,0,0,0,-1
20180112170586,77,1,56,-1,0,6,-1,0,0,0,-1
20180112170606,74,1,33,-1,0,6,-1,0,0,0,-1
20180112170606,78,1,34,-1,0,7,-1,0,0,0,-1
20180112170617,80,2,47,-1,0,2,-1,60,0,0,-1
20180112170627,85,3,33,-1,0,2,-1,60,0,0,-1
20180112170627,85,3,34,-1,0,3,-1,60,0,0,-1
20180112170653,72,1,56,-1,0,2,-1,0,0,0,-1
20180112170675,59,4,33,5,0,6,-1,0,0,0,0
20180112170700,80,4,44,4,0,2,-1,60,0,0,0
20180112170713,85,4,33,10,0,4,-1,61,0,0,0
20180112170743,80,4,43,5,0,2,-1,60,0,0,0
20180112170774,85,4,33,5,0,2,-1,60,0,0,0
20180112170779,78,1,56,-1,0,5,-1,42,0,0,-1
20180112170779,80,1,56,-1,0,6,-1,61,0,0,-1
20180112170817,85,2,33,-1,0,2,-1,60,0,0,-1
20180112170831,72,1,40,-1,0,6,-1,0,0,0,-1
20180112170831,85,1,39,-1,0,7,-1,61,0,0,-1
20180112170836,80,4,47,5,0,5,-1,0,0,0,0
20180112170848,75,4,34,6,0,2,-1,0,0,0,0
20180112170855,85,4,33,3,0,3,-1,60,0,0,0
20180112170859,72,4,39,5,0,6,-1,0,0,0,0
20180112170886,67,1,34,-1,0,3,-1,0,0,0,-1
20180112170957,85,4,24,8,1,2,2,60,0,0,0
20180112170988,74,4,47,4,0,5,-1,0,0,0,0
20180112171096,80,4,33,2,0,2,-1,60,0,0,0
20180112171137,77,4,37,11,0,3,-1,0,0,0,0
20180112171139,85,3,20,-1,1,2,2,0,0,0,-1
20180112171151,80,3,33,-1,0,2,-1,60,0,0,-1
20180112171151,85,3,34,-1,0,3,-1,0,0,0,-1
20180112171162,72,4,33,2,0,5,-1,0,0,0,0
20180112171270,80,2,56,-1,0,6,-1,60,0,0,-1
20180112171320,65,4,33,2,0,6,-1,0,0,0,0
20180112171320,70,4,34,2,0,7,-1,0,0,0,0
20180112171331,85,1,47,-1,0,4,-1,0,0,0,-1
20180112171349,85,4,33,3,0,2,-1,60,0,0,0
20180112171350,85,4,47,4,0,4,-1,60,0,0,0
20180112171350,85,4,48,4,0,5,-1,60,0,0,0
20180112171368,62,1,33,-1,0,2,-1,0,0,0,-1
20180112171370,80,4,34,1,0,3,-1,60,0,0,0
20180112171413,78,4,33,2,0,6,-1,0,0,0,42
20180112171457,68,4,20,37,1,2,2,0,0,0,0
20180112171458,85,1,43,-1,0,4,-1,60,0,0,-1
20180112171588,85,4,30,9,1,2,2,0,0,0,0
20180112171595,64,4,39,4,0,4,-1,0,0,0,0
20180112171621,85,4,33,11,0,3,-1,60,0,0,0
20180112171623,72,1,41,-1,0,3,-1,0,0,0,-1
20180112171625,68,1,33,-1,0,2,-1,0,0,0,-1
20180112171651,85,4,39,5,0,3,-1,60,0,0,0
20180112171658,75,4,49,2,0,2,-1,0,0,0,0
20180112171676,85,4,43,10,0,3,-1,60,0,0,0
20180112171677,78,4,35,3,0,2,-1,0,0,0,0
20180112171693,80,4,39,3,0,4,-1,60,0,0,0
20180112171707,76,4,33,3,0,3,-1,0,0,0,0
20180112171715,64,1,33,-1,0,4,-1,0,0,0,-1
20180112171716,74,1,49,-1,0,2,-1,0,0,0,-1
20180112171717,85,4,24,2,1,4,4,0,0,0,42
20180112171799,80,1,36,-1,0,3,-1,60,0,0,-1
20180112171818,85,3,39,-1,0,3,-1,60,0,0,-1
20180112171832,66,3,34,-1,0,2,-1,0,0,0,-1
20180112171865,85,4,39,2,0,3,-1,60,0,0,0
20180112171923,85,3,43,-1,0,2,-1,60,0,0,-1
20180112171944,85,1,56,-1,0,2,-1,60,0,0,-1
20180112171977,85,4,47,10,0,5,-1,0,0,0,0
20180112171977,85,4,49,10,0,6,-1,0,0,0,0
20180112172016,60,1,38,-1,0,2,-1,0,0,0,-1
20180112172042,67,1,39,-1,0,5,-1,0,0,0,-1
20180112172042,67,1,40,-1,0,6,-1,0,0,0,-1
20180112172071,70,4,35,5,0,3,-1,0,0,0,0
20180112172110,85,1,56,-1,0,2,-1,60,0,0,-1
20180112172113,60,4,38,5,0,2,-1,0,0,0,0
20180112172124,78,4,47,1,0,7,-1,0,0,0,0
20180112172165,80,4,33,5,0,6,-1,60,0,0,0
20180112172176,74,1,34,-1,0,4,-1,0,0,0,-1
20180112172206,50,4,38,5,0,3,-1,0,0,0,0
20180112172206,74,3,49,-1,0,4,-1,0,0,0,-1
20180112172241,78,1,33,-1,0,7,-1,0,0,0,-1
20180112172245,85,4,34,3,0,5,-1,60,0,0,0
20180112172272,85,4,33,3,0,2,-1,60,0,0,0
20180112172274,85,4,33,5,0,4,-1,0,0,0,0
20180112172274,85,4,34,5,0,5,-1,60,0,0,0
20180112172274,85,4,39,2,0,6,-1,60,0,0,0
20180112172274,85,4,40,2,0,7,-1,60,0,0,0
20180112172275,80,4,33,6,0,2,-1,60,0,0,0
20180112172278,80,4,34,5,0,2,-1,60,0,0,0
20180112172278,80,4,33,5,0,3,-1,60,0,0,0
20180112172279,66,1,33,-1,0,3,-1,0,0,0,-1
20180112172282,63,3,34,-1,0,4,-1,0,0,0,-1
20180112172345,85,4,33,10,0,2,-1,60,0,0,0
20180112172367,80,2,34,-1,0,7,-1,60,0,0,-1
20180112172367,78,2,33,-1,0,8,-1,0,0,0,-1
20180112172380,85,2,44,-1,0,3,-1,0,0,0,-1
20180112172384,85,4,33,10,0,3,-1,60,0,0,0
20180112172439,74,3,34,-1,0,4,-1,0,0,0,-1
20180112172439,63,4,30,15,1,3,3,0,0,0,0
20180112172454,67,4,20,23,1,2,2,0,0,0,0
20180112172477,85,4,47,2,0,3,-1,60,0,0,0
20180112172485,85,2,48,-1,0,3,-1,60,0,0,-1
20180112172488,85,4,34,4,0,3,-1,60,0,0,0
20180112172514,61,1,33,-1,0,4,-1,0,0,0,-1
20180112172514,68,1,34,-1,0,5,-1,0,0,0,-1
20180112172519,80,2,56,-1,0,5,-1,60,0,0,-1
20180112172519,71,1,56,-1,0,6,-1,0,0,0,-1
20180112172526,85,2,33,-1,0,3,-1,60,0,0,-1
20180201180026,85,1,43,-1,0,2,-1,0,0,0,-1
20180201180029,66,4,33,3,0,2,-1,0,0,0,0
20180201180029,68,4,41,5,0,3,-1,0,0,0,0
20180201180035,73,1,44,-1,0,4,-1,42,0,0,-1
20180201180035,80,1,44,-1,0,5,-1,61,0,0,-1
20180201180035,76,1,44,-1,0,6,-1,42,0,0,-1
20180201180035,62,1,44,-1,0,7,-1,42,0,0,-1
20180201180092,85,2,34,-1,0,2,-1,60,0,0,-1
20180201180095,77,4,33,5,0,2,-1,0,0,0,0
20180201180102,85,4,33,3,0,3,-1,60,0,0,0
20180201180102,85,4,34,3,0,4,-1,60,0,0,0
20180201180102,85,4,41,5,0,5,-1,60,0,0,0
20180201180116,73,4,34,3,0,4,-1,0,0,0,0
20180201180120,85,4,20,2,1,2,2,0,0,0,0
20180201180504,85,4,33,8,0,6,-1,60,0,0,0
20180201180512,76,4,33,5,0,6,-1,0,0,0,0
20180201180517,80,4,43,15,0,3,-1,60,0,0,0
20180201180526,85,4,43,15,0,2,-1,60,0,0,0
20180201180526,55,3,43,-1,0,3,-1,0,0,0,-1
20180201180539,80,2,24,-1,1,2,2,0,0,0,-1
20180201180539,47,2,25,-1,1,3,3,0,0,0,-1
20180201180573,85,3,39,-1,0,3,-1,60,0,0,-1
20180201180613,80,4,33,2,0,4,-1,60,0,0,0
20180201180613,85,4,34,2,0,5,-1,0,0,0,0
20180201180616,80,3,40,-1,0,4,-1,0,0,0,-1
20180201180616,85,4,43,5,0,5,-1,60,0,0,0
20180201180634,85,4,33,3,0,3,-1,60,0,0,0
20180201180670,68,4,47,2,0,7,-1,42,0,0,0
20180201180721,85,4,33,2,0,2,-1,60,0,0,0
20180201180733,73,1,48,-1,0,3,-1,0,0,0,-1
20180201180739,85,4,33,10,0,3,-1,60,0,0,0
20180201180742,68,1,47,-1,0,3,-1,0,0,0,-1
20180201180772,67,4,33,2,0,4,-1,0,0,0,0
20180201180778,72,4,43,3,0,4,-1,0,0,0,0
20180201180863,60,2,56,-1,0,8,-1,0,0,0,-1
20180201180863,60,3,56,-1,0,9,-1,0,0,0,-1
20180201180904,75,4,35,5,0,3,-1,0,0,0,0
20180201180904,67,4,38,2,0,4,-1,0,0,0,0
20180201180910,80,1,43,-1,0,4,-1,60,0,0,-1
20180201180926,54,4,47,8,0,7,-1,0,0,0,0
20180201180938,73,4,49,5,0,8,-1,0,0,0,0
20180201180938,85,4,49,5,0,9,-1,60,0,0,0
20180201180979,80,4,39,4,0,5,-1,60,0,0,0
20180201180979,80,3,40,-1,0,6,-1,60,0,0,-1
20180201181003,80,4,33,5,0,3,-1,60,0,0,0
20180201181003,80,4,34,5,0,4,-1,60,0,0,0
20180201181030,85,4,34,2,0,3,-1,60,0,0,0
20180201181053,85,4,24,24,1,3,3,0,0,0,0
20180201181106,80,4,39,2,0,4,-1,0,0,0,0
20180201181106,80,3,40,-1,0,5,-1,60,0,0,-1
20180201181118,78,4,56,2,0,2,-1,0,42,0,42
20180201181140,67,4,39,4,0,3,-1,0,0,0,0
20180201181140,71,4,40,4,0,4,-1,0,0,0,0
20180201181147,71,1,20,-1,1,2,2,0,0,0,-1
20180201181162,50,4,34,5,0,3,-1,0,0,0,0
20180201181165,85,4,33,8,0,2,-1,60,0,0,0
20180201181174,85,4,39,4,0,3,-1,60,0,0,0
20180201181189,72,1,43,-1,0,2,-1,0,0,0,-1
20180201181202,63,3,33,-1,0,5,-1,0,0,0,-1
20180201181202,63,3,34,-1,0,6,-1,0,0,0,-1
20180201181202,74,4,44,4,0,7,-1,42,0,0,0
20180201181286,70,4,44,5,0,6,-1,0,0,0,0
20180201181305,85,4,33,5,0,3,-1,60,0,0,0
20180201181345,85,4,48,9,0,4,-1,60,0,0,0
20180201181384,66,1,49,-1,0,4,-1,0,0,0,-1
20180201181402,85,4,33,19,0,2,-1,60,0,0,0
20180201181416,44,4,25,15,1,4,4,0,0,0,0
20180201181425,76,3,48,-1,0,8,-1,0,0,0,-1
20180201181425,54,4,33,2,0,9,-1,0,0,0,0
20180201181426,80,4,33,2,0,4,-1,60,0,0,42
20180201181426,85,4,41,2,0,5,-1,0,0,0,42
20180201181426,79,4,41,2,0,6,-1,0,0,0,42
20180201181456,80,2,49,-1,0,3,-1,60,0,0,-1
20180201181456,85,4,39,2,0,4,-1,60,0,0,0
20180201181479,85,4,33,2,0,2,-1,60,0,0,42
20180201181479,85,1,44,-1,0,3,-1,61,0,0,-1
20180201181492,85,4,56,4,0,5,-1,60,0,0,0
20180201181492,85,3,56,-1,0,6,-1,0,0,0,-1
20180201181515,85,3,56,-1,0,2,-1,61,43,43,-1
20180201181521,54,4,43,2,0,3,-1,0,0,0,0
20180201181595,85,1,33,-1,0,2,-1,60,0,0,-1
20180201181595,85,1,34,-1,0,3,-1,60,0,0,-1
20180201181617,74,4,33,3,0,2,-1,0,0,0,0
20180201181619,68,4,33,6,0,5,-1,0,0,0,0
20180201181624,76,4,33,1,0,5,-1,0,0,0,0
20180201181651,79,4,33,9,0,6,-1,0,0,0,0
20180201181666,74,1,33,-1,0,2,-1,0,0,0,-1
20180201181714,76,4,56,6,0,2,-1,0,0,0,0
20180201181714,77,3,56,-1,0,3,-1,0,0,0,-1
20180201181714,65,1,56,-1,0,4,-1,0,0,0,-1
20180201181714,62,3,56,-1,0,5,-1,0,0,0,-1
20180201181714,61,4,56,2,0,6,-1,0,0,0,0
20180201181731,65,4,33,16,0,4,-1,0,0,0,0
20180201181731,65,4,34,9,0,5,-1,0,0,0,0
20180201181731,77,4,44,7,0,6,-1,0,0,0,0
20180201181731,78,4,44,7,0,7,-1,0,0,0,0
20180201181731,85,4,44,5,0,8,-1,60,0,0,0
20180201181782,64,3,20,-1,1,2,2,0,0,0,-1
20180201181826,70,3,43,-1,0,2,-1,0,0,0,-1
20180201181826,75,3,43,-1,0,3,-1,0,0,0,-1
20180201181826,72,4,43,2,0,4,-1,0,0,0,0
20180201181841,60,3,43,-1,0,2,-1,0,0,0,-1
20180201181841,70,2,43,-1,0,3,-1,0,0,0,-1
20180201181891,57,1,47,-1,0,5,-1,0,0,0,-1
20180201181891,55,1,48,-1,0,6,-1,0,0,0,-1
20180201181919,85,1,39,-1,0,2,-1,60,0,0,-1
20180201181923,80,4,33,5,0,3,-1,60,0,0,0
20180201181923,54,4,37,4,0,4,-1,0,0,0,0
20180201181947,73,4,33,3,0,3,-1,0,0,0,0
20180201182045,76,3,43,-1,0,4,-1,0,0,0,-1
20180201182051,80,2,33,-1,0,6,-1,60,0,0,-1
20180201182071,80,2,24,-1,1,2,2,0,0,0,-1
20180201182073,85,2,39,-1,0,3,-1,60,0,0,-1
20180201182130,85,3,33,-1,0,3,-1,60,0,0,-1
20180201182130,55,4,44,3,0,4,-1,0,0,0,0
20180201182138,80,4,38,5,0,2,-1,60,0,0,0
20180201182142,78,1,39,-1,0,4,-1,0,0,0,-1
20180201182144,75,2,34,-1,0,4,-1,0,0,0,-1
20180201182151,75,4,44,3,0,2,-1,0,0,0,0
20180201182151,85,4,44,5,0,3,-1,60,0,0,0
20180201182224,75,4,44,2,0,2,-1,0,0,0,0
20180201182256,70,4,44,2,0,3,-1,0,0,0,0
20180201182256,70,4,44,2,0,4,-1,0,0,0,0
20180201182297,80,1,43,-1,0,2,-1,60,0,0,-1
20180201182333,60,2,44,-1,0,2,-1,0,0,0,-1
20180201182333,56,1,44,-1,0,3,-1,0,0,0,-1
20180201182333,80,2,44,-1,0,4,-1,60,0,0,-1
20180201182348,70,4,34,5,0,5,-1,0,0,0,0
20180201182350,65,3,33,-1,0,5,-1,0,0,0,-1
20180201182350,85,3,47,-1,0,6,-1,60,0,0,-1
20180201182372,80,4,33,5,0,4,-1,60,0,0,0
20180201182376,77,4,33,4,0,3,-1,0,0,0,0
20180201182376,80,1,41,-1,0,4,-1,0,0,0,-1
20180201182390,72,4,28,18,1,2,2,0,0,0,0
20180201182399,85,4,41,15,0,2,-1,60,0,0,0
20180201182478,70,4,56,3,0,5,-1,0,0,0,0
20180201182478,80,2,56,-1,0,6,-1,60,0,0,-1
20180201182478,80,1,56,-1,0,7,-1,60,0,0,-1
20180201182478,70,3,56,-1,0,8,-1,0,0,0,-1
20180201182511,78,3,47,-1,0,3,-1,0,0,0,-1
20180202180835,85,4,33,3,0,4,-1,60,0,0,0
20180202180835,85,1,44,-1,0,5,-1,60,0,0,-1
20180202181377,71,2,26,-1,1,5,5,0,0,0,-1
20180202181486,61,4,43,3,0,2,-1,0,0,0,0
20180202181784,63,4,20,2,1,2,2,0,0,0,0
20180202181799,85,1,44,-1,0,5,-1,60,0,0,-1
20180202181799,72,1,44,-1,0,6,-1,0,0,0,-1
20180202181799,85,1,44,-1,0,7,-1,60,0,0,-1
20180202181860,80,4,44,5,0,2,-1,60,0,0,0
20180202181985,85,1,33,-1,0,2,-1,0,0,0,-1
20180202182308,85,4,33,5,0,2,-1,60,0,0,0
20180202182308,80,4,34,5,0,3,-1,60,0,0,0
20180202182308,80,2,41,-1,0,4,-1,0,0,0,-1
20180212170106,71,4,20,8,1,2,2,0,0,0,0
20180212170126,85,1,43,-1,0,2,-1,0,0,0,-1
20180212170530,60,2,49,-1,0,4,-1,0,0,0,-1
20180212170612,85,4,33,10,0,3,-1,60,0,0,0
20180212170649,80,4,44,2,0,3,-1,0,0,0,0
20180212170775,67,4,33,4,0,5,-1,0,0,0,0
20180212170787,85,4,44,3,0,3,-1,60,0,0,0
20180212170888,85,1,47,-1,0,5,-1,60,0,0,-1
20180212170888,74,3,33,-1,0,6,-1,0,0,0,-1
20180212170905,85,4,33,2,0,3,-1,60,0,0,0
20180212170905,85,4,39,3,0,4,-1,60,0,0,0
20180212170949,80,4,41,2,0,3,-1,60,0,0,0
20180212170982,76,1,33,-1,0,4,-1,0,0,0,-1
20180212170990,71,4,34,4,0,3,-1,0,0,0,0
20180212171113,65,1,40,-1,0,4,-1,0,0,0,-1
20180212171174,85,4,44,3,0,2,-1,60,0,0,0
20180212171177,59,4,33,5,0,6,-1,0,0,0,0
20180212171180,79,1,48,-1,0,5,-1,0,0,0,-1
20180212171260,85,4,48,10,0,5,-1,60,0,0,0
20180212171263,85,3,44,-1,0,6,-1,61,0,0,-1
20180212171263,68,3,44,-1,0,7,-1,42,0,0,-1
20180212171263,80,3,44,-1,0,8,-1,61,0,0,-1
20180212171263,85,3,44,-1,0,9,-1,61,0,0,-1
20180212171346,85,3,33,-1,0,4,-1,60,0,0,-1
20180212171374,80,4,33,4,0,5,-1,60,0,0,0
20180212171523,85,1,56,-1,0,2,-1,60,0,0,-1
20180212171532,80,2,43,-1,0,6,-1,60,0,0,-1
20180212171618,75,4,33,10,0,2,-1,0,0,0,0
20180212171618,79,4,34,7,0,3,-1,0,0,0,0
20180212171700,85,4,26,5,1,3,3,0,0,0,0
20180212171804,78,4,33,5,0,3,-1,0,0,0,0
20180212171875,85,4,47,4,0,5,-1,60,0,0,0
20180212171898,65,4,33,7,0,3,-1,0,0,0,0
20180212171908,85,4,34,25,0,4,-1,60,0,0,0
20180212171930,80,4,33,15,0,3,-1,0,0,0,0
20180212171930,80,4,34,15,0,4,-1,60,0,0,0
20180212171930,62,1,38,-1,0,5,-1,0,0,0,-1
20180212171930,59,1,38,-1,0,6,-1,0,0,0,-1
20180212171930,72,4,42,20,0,7,-1,0,0,0,0
20180212172049,72,4,33,5,0,3,-1,0,0,0,0
20180212172288,65,2,41,-1,0,5,-1,0,0,0,-1
20180212172288,73,4,40,10,0,6,-1,0,0,0,0
20180212172288,62,4,34,2,0,7,-1,0,0,0,0
20180212172288,80,2,44,-1,0,8,-1,0,0,0,-1
20180212172391,85,4,34,3,0,5,-1,60,0,0,0
20180212172455,79,4,39,3,0,6,-1,0,0,0,0
20180212172495,63,4,33,5,0,7,-1,0,0,0,0
20180212172495,64,4,34,5,0,8,-1,0,0,0,0
20180301180584,73,4,49,4,0,4,-1,0,0,0,0
20180301180600,80,4,44,2,0,2,-1,60,0,0,0
20180301180600,78,4,33,2,0,3,-1,0,0,0,0
20180301180638,80,3,33,-1,0,4,-1,0,0,0,-1
20180301180671,85,4,39,10,0,5,-1,0,0,0,0
20180301180826,71,1,47,-1,0,3,-1,0,42,0,-1
20180301180934,73,1,43,-1,0,2,-1,0,0,0,-1
20180301180934,80,1,43,-1,0,3,-1,0,0,0,-1
20180301180934,85,1,43,-1,0,4,-1,0,0,0,-1
20180301180934,80,1,43,-1,0,5,-1,60,0,0,-1
20180301180934,73,1,43,-1,0,6,-1,0,0,0,-1
20180301181076,85,4,33,50,0,3,-1,60,0,0,0
20180301181077,70,1,44,-1,0,7,-1,0,0,0,-1
20180301181077,78,2,49,-1,0,8,-1,0,0,0,-1
20180301181122,80,4,34,1,0,3,-1,60,0,0,0
20180301181122,75,4,56,2,0,4,-1,0,0,0,0
20180301181139,85,1,33,-1,0,3,-1,60,0,0,-1
20180301181253,72,1,33,-1,0,3,-1,0,0,0,-1
20180301181431,69,1,44,-1,0,3,-1,0,0,0,-1
20180301181431,80,1,44,-1,0,4,-1,0,0,0,-1
20180301181431,70,1,44,-1,0,5,-1,0,0,0,-1
20180301181431,80,1,44,-1,0,6,-1,0,0,0,-1
20180301181562,73,1,39,-1,0,5,-1,0,0,0,-1
20180301181562,77,1,40,-1,0,6,-1,0,0,0,-1
20180301181614,80,4,47,2,0,6,-1,60,0,0,0
20180301181668,80,1,47,-1,0,5,-1,60,0,0,-1
20180301181754,51,4,33,3,0,3,-1,0,0,0,0
20180301181990,70,3,44,-1,0,3,-1,0,0,0,-1
20180301181990,75,3,44,-1,0,4,-1,0,0,0,-1
20180301181990,72,3,44,-1,0,5,-1,0,0,0,-1
20180301182196,85,4,56,4,0,5,-1,61,0,0,0
20180301182196,80,4,56,4,0,6,-1,61,0,0,0
20180301182196,85,4,56,4,0,7,-1,61,0,0,0
20180301182196,79,4,56,4,0,8,-1,42,0,0,0
20180301182196,70,4,34,4,0,9,-1,42,0,42,0
20180301182230,80,1,33,-1,0,3,-1,60,0,0,-1
20180301182230,85,3,34,-1,0,4,-1,0,0,0,-1
20180301182454,85,4,43,4,0,6,-1,60,0,0,0
20180302180053,85,3,34,-1,0,2,-1,60,0,0,-1
20180302180095,79,4,43,2,0,2,-1,0,0,0,0
20180302180095,80,2,43,-1,0,3,-1,60,0,0,-1
20180302180101,51,1,38,-1,0,3,-1,0,0,0,-1
20180302180134,85,4,34,3,0,3,-1,60,0,0,0
20180302180141,60,4,24,2,1,2,2,0,0,0,0
20180302180142,70,4,56,3,0,4,-1,0,0,0,0
20180302180156,61,4,20,36,1,2,2,0,0,0,0
20180302180179,52,4,44,2,0,2,-1,0,0,0,0
20180302180502,71,4,41,8,0,4,-1,0,0,0,0
20180302180502,70,4,47,9,0,5,-1,0,0,0,0
20180302180512,69,1,34,-1,0,2,-1,0,0,0,-1
20180302180512,67,3,39,-1,0,3,-1,0,0,0,-1
20180302180586,74,4,35,3,0,2,-1,0,0,0,0
20180302180594,77,4,47,4,0,3,-1,0,0,0,0
20180302180594,85,4,48,7,0,4,-1,0,0,0,0
20180302180594,80,2,47,-1,0,5,-1,0,0,0,-1
20180302180594,80,2,48,-1,0,6,-1,60,0,0,-1
20180302180594,85,1,49,-1,0,7,-1,60,0,0,-1
20180302180608,77,4,39,4,0,6,-1,0,0,0,0
20180302180622,76,4,33,3,0,5,-1,0,0,0,0
20180302180622,79,4,34,3,0,6,-1,0,0,0,0
20180302180632,85,4,47,2,0,4,-1,60,0,0,0
20180302180632,73,4,24,3,1,2,2,0,0,0,0
20180302180632,71,3,30,-1,1,3,3,0,0,0,-1
20180302180675,80,4,24,5,1,2,2,0,0,0,0
20180302180678,73,3,33,-1,0,4,-1,0,0,0,-1
20180302180697,72,4,34,4,0,5,-1,0,0,0,0
20180302180782,85,4,34,2,0,3,-1,60,0,0,0
20180302180804,73,4,39,5,0,5,-1,0,0,0,0
20180302180826,65,2,20,-1,1,2,2,0,0,0,-1
20180302180858,73,4,34,2,0,6,-1,0,0,0,0
20180302180858,72,4,40,2,0,7,-1,0,0,0,0
20180302180863,85,4,33,10,0,2,-1,0,0,0,0
20180302180863,80,4,34,10,0,3,-1,60,0,0,0
20180302180891,80,2,34,-1,0,4,-1,0,0,0,-1
20180302180905,80,1,33,-1,0,2,-1,60,0,0,-1
20180302180914,85,4,34,4,0,3,-1,60,0,0,0
20180302180933,74,1,47,-1,0,6,-1,0,0,0,-1
20180302180958,75,3,25,-1,1,2,2,0,0,0,-1
20180302180960,61,1,33,-1,0,4,-1,0,0,0,-1
20180302180960,71,4,47,10,0,5,-1,0,0,0,0
20180302181027,85,4,33,20,0,2,-1,60,0,0,0
20180302181031,75,4,47,6,0,4,-1,0,0,0,0
20180302181035,76,1,47,-1,0,5,-1,0,0,0,-1
20180302181035,80,2,49,-1,0,6,-1,60,0,0,-1
20180302181046,68,4,33,20,0,2,-1,0,0,0,0
20180302181046,67,4,34,7,0,3,-1,0,0,0,0
20180302181064,80,3,49,-1,0,3,-1,60,0,0,-1
20180302181067,68,4,24,12,1,4,4,0,0,0,0
20180302181086,65,2,43,-1,0,2,-1,0,0,0,-1
20180302181093,78,3,34,-1,0,5,-1,0,0,0,-1
20180302181124,85,4,34,2,0,4,-1,60,0,0,0
20180302181124,80,4,33,3,0,5,-1,60,0,0,0
20180302181139,71,3,39,-1,0,4,-1,0,0,0,-1
20180302181166,80,4,20,5,1,2,2,0,0,0,0
20180302181191,73,4,39,2,0,5,-1,0,0,0,0
20180302181205,75,4,44,2,0,6,-1,0,0,0,0
20180302181205,85,4,24,5,1,5,5,0,0,0,0
20180302181215,85,4,33,5,0,6,-1,60,0,0,0
20180302181236,85,1,33,-1,0,3,-1,0,0,0,-1
20180302181244,85,1,34,-1,0,5,-1,60,0,0,-1
20180302181247,80,1,47,-1,0,4,-1,60,0,0,-1
20180302181270,76,2,33,-1,0,5,-1,0,0,0,-1
20180302181270,85,2,49,-1,0,6,-1,60,0,0,-1
20180302181270,78,4,49,5,0,7,-1,0,0,0,0
20180302181274,80,4,33,5,0,3,-1,60,0,0,0
20180302181299,85,2,44,-1,0,4,-1,60,0,0,-1
20180302181299,72,1,56,-1,0,5,-1,0,0,0,-1
20180302181310,69,4,39,5,0,3,-1,0,0,0,0
20180302181347,80,3,20,-1,1,2,2,0,0,0,-1
20180302181417,85,4,49,1,0,8,-1,60,0,0,0
20180302181417,85,4,49,1,0,9,-1,60,0,0,0
20180302181442,80,2,39,-1,0,3,-1,60,0,0,-1
20180302181442,85,2,40,-1,0,4,-1,60,0,0,-1
20180302181460,80,1,39,-1,0,6,-1,60,0,0,-1
20180302181489,85,4,48,2,0,2,-1,0,0,0,0
20180302181503,85,4,33,2,0,2,-1,60,0,0,0
20180302181517,80,4,33,3,0,3,-1,60,0,0,0
20180302181554,80,4,33,3,0,6,-1,60,0,0,0
20180302181572,85,4,33,10,0,2,-1,60,0,0,0
20180302181582,80,3,49,-1,0,2,-1,0,0,0,-1
20180302181582,71,4,49,5,0,3,-1,42,0,0,0
20180302181599,85,4,44,2,0,6,-1,0,0,0,0
20180302181599,85,3,44,-1,0,7,-1,0,0,0,-1
20180302181602,80,4,24,2,1,5,5,0,0,0,0
20180302181640,67,4,26,2,1,2,2,0,0,0,0
20180302181651,85,4,33,3,0,2,-1,60,0,0,0
20180302181651,52,4,44,2,0,3,-1,0,0,0,0
20180302181651,72,2,44,-1,0,4,-1,0,0,0,-1
20180302181677,80,2,47,-1,0,4,-1,60,0,0,-1
20180302181683,66,4,34,15,0,3,-1,0,0,0,0
20180302181683,80,3,43,-1,0,4,-1,0,0,0,-1
20180302181705,68,4,34,4,0,2,-1,0,0,0,0
20180302181705,85,4,47,4,0,3,-1,60,0,0,0
20180302181705,85,3,48,-1,0,4,-1,60,0,0,-1
20180302181803,85,4,33,2,0,3,-1,60,0,0,0
20180302181812,76,4,43,2,0,3,-1,0,0,0,0
20180302181812,67,1,43,-1,0,4,-1,0,0,0,-1
20180302181832,85,4,33,3,0,4,-1,60,0,0,0
20180302181869,69,4,56,2,0,3,-1,0,0,0,0
20180302181884,85,4,38,4,0,5,-1,60,0,0,0
20180302181902,80,4,33,3,0,5,-1,60,0,0,0
20180302181915,77,3,35,-1,0,3,-1,0,0,0,-1
20180302181918,85,4,44,3,0,2,-1,60,0,0,0
20180302181937,74,4,47,3,0,3,-1,0,0,0,0
20180302181978,78,4,33,2,0,3,-1,0,0,0,0
20180302181997,85,4,33,10,0,2,-1,60,0,0,0
20180302182029,68,1,44,-1,0,6,-1,0,0,0,-1
20180302182029,80,4,44,5,0,7,-1,0,0,0,0
20180302182029,80,3,41,-1,0,8,-1,0,0,0,-1
20180302182029,66,1,49,-1,0,9,-1,0,0,0,-1
20180302182029,76,4,24,10,1,2,2,0,0,0,0
20180302182038,69,4,38,4,0,3,-1,0,0,0,0
20180302182063,73,3,20,-1,1,2,2,0,0,0,-1
20180302182067,54,4,49,6,0,2,-1,0,0,0,0
20180302182093,85,2,43,-1,0,2,-1,0,0,0,-1
20180302182093,85,1,43,-1,0,3,-1,60,0,0,-1
20180302182113,69,1,33,-1,0,4,-1,0,0,0,-1
20180302182114,85,4,33,5,0,3,-1,60,0,0,0
20180302182156,71,1,40,-1,0,5,-1,0,0,0,-1
20180302182196,71,1,44,-1,0,2,-1,0,0,0,-1
20180302182227,85,4,42,2,0,3,-1,60,0,0,0
20180302182236,67,4,33,2,0,3,-1,0,0,0,0
20180302182254,80,4,33,4,0,4,-1,60,0,0,0
20180302182296,80,4,33,5,0,5,-1,60,0,0,0
20180302182296,80,2,39,-1,0,6,-1,0,0,0,-1
20180302182296,80,4,40,2,0,7,-1,60,0,0,0
20180302182303,71,2,39,-1,0,3,-1,0,0,0,-1
20180302182362,85,4,44,20,0,3,-1,60,0,0,0
20180302182362,80,4,39,20,0,4,-1,0,0,0,0
20180302182369,72,4,33,3,0,3,-1,0,0,0,0
20180302182396,63,1,44,-1,0,2,-1,0,0,0,-1
20180302182396,60,3,37,-1,0,3,-1,0,0,0,-1
20180302182432,85,4,44,2,0,3,-1,60,0,0,0
20180302182432,85,1,44,-1,0,4,-1,60,0,0,-1
20180303180036,61,4,33,2,0,4,-1,0,0,0,0
20180303180774,85,1,33,-1,0,5,-1,61,43,0,-1
20180303180774,59,4,34,3,0,6,-1,43,43,43,42
20180303180774,80,2,44,-1,0,7,-1,61,43,43,-1
20180303180854,85,4,33,3,0,2,-1,60,0,0,42
20180303180995,80,2,33,-1,0,3,-1,60,0,0,-1
20180303180995,85,2,40,-1,0,4,-1,60,0,0,-1
20180303181068,72,4,44,2,0,2,-1,0,0,0,0
20180303181335,66,1,24,-1,1,2,2,0,0,0,-1
20180303181335,68,1,24,-1,1,3,3,0,0,0,-1
20180303181521,72,3,33,-1,0,2,-1,0,0,0,-1
20180303181521,73,3,34,-1,0,3,-1,0,0,0,-1
20180303181611,85,3,43,-1,0,2,-1,0,0,0,-1
20180303181697,62,3,44,-1,0,2,-1,0,0,0,-1
20180303181723,85,4,24,5,1,2,2,0,0,0,0
20180303181819,85,4,40,4,0,3,-1,60,0,0,0
20180303182173,85,4,44,10,0,2,-1,60,0,0,0
20180303182243,85,2,47,-1,0,5,-1,60,0,0,-1
20180303182431,85,3,41,-1,0,2,-1,60,0,0,-1
20180312171631,85,3,47,-1,0,4,-1,61,42,0,-1
20180312171631,65,3,48,-1,0,5,-1,43,42,0,-1
20180402180010,57,4,33,1,0,4,-1,0,0,0,0
20180402180556,60,4,33,8,0,4,-1,0,0,0,0
20180402180556,64,4,34,4,0,5,-1,0,0,0,0
20180402180603,72,4,42,15,0,5,-1,0,0,0,0
20180402180647,85,3,43,-1,0,4,-1,60,0,0,-1
20180402180647,79,3,43,-1,0,5,-1,0,0,0,-1
20180402180710,71,1,33,-1,0,3,-1,0,0,0,-1
20180402180758,58,1,47,-1,0,3,-1,0,0,0,-1
20180402180932,80,2,47,-1,0,4,-1,0,0,0,-1
20180402180932,80,2,48,-1,0,5,-1,60,0,0,-1
20180402180982,70,3,43,-1,0,3,-1,0,0,0,-1
20180402181075,85,4,33,38,0,2,-1,60,0,0,0
20180402181218,46,4,38,11,0,2,-1,0,0,0,0
20180402181316,85,3,20,-1,1,2,2,0,0,0,-1
20180402181325,85,4,33,4,0,2,-1,60,0,0,0
20180402181472,85,4,24,2,1,3,3,0,0,0,0
20180402181491,79,3,34,-1,0,2,-1,0,0,0,-1
20180402181591,64,4,33,6,0,5,-1,0,0,0,0
20180402181649,85,3,34,-1,0,7,-1,0,0,0,-1
20180402181649,80,3,33,-1,0,8,-1,60,0,0,-1
20180402181684,75,4,49,2,0,3,-1,0,0,0,0
20180402181684,85,4,33,3,0,4,-1,60,0,0,0
20180402181783,80,3,43,-1,0,3,-1,60,0,0,-1
20180402181783,85,3,43,-1,0,4,-1,60,0,0,-1
20180402181911,46,2,21,-1,1,3,3,0,0,0,-1
20180402181939,65,1,33,-1,0,6,-1,0,0,0,-1
20180402181939,67,1,34,-1,0,7,-1,0,0,0,-1
20180402181958,85,4,56,6,0,2,-1,60,0,0,0
20180402181958,75,4,56,2,0,3,-1,0,0,0,0
20180402182092,85,4,44,2,0,3,-1,0,0,0,0
20180402182154,85,4,39,2,0,2,-1,60,0,0,0
20180402182154,79,2,43,-1,0,3,-1,0,0,0,-1
20180402182210,62,1,28,-1,1,2,2,0,0,0,-1
20180402182222,75,4,33,4,0,4,-1,0,0,0,0
20180402182238,85,4,44,3,0,2,-1,60,0,0,0
20180402182238,75,4,44,3,0,3,-1,0,0,0,0
20180402182327,69,1,33,-1,0,3,-1,0,0,0,-1
20180402182327,74,1,43,-1,0,4,-1,0,0,0,-1
20180402182386,85,4,34,2,0,2,-1,60,0,0,0
20180402182431,85,3,47,-1,0,6,-1,60,0,0,-1
20180402182455,80,4,33,1,0,3,-1,60,0,0,0
20180403180021,78,4,47,20,0,6,-1,0,0,0,0
20180403180023,73,3,43,-1,0,2,-1,0,0,0,-1
20180403180102,76,4,33,4,0,4,-1,0,0,0,0
20180403180105,80,1,44,-1,0,3,-1,60,0,0,-1
20180403180105,85,2,44,-1,0,4,-1,60,0,0,-1
20180403180119,80,4,39,20,0,7,-1,60,0,0,0
20180403180119,85,4,39,20,0,8,-1,60,0,0,0
20180403180515,85,4,33,2,0,2,-1,60,0,0,0
20180403180542,80,4,44,9,0,2,-1,60,0,0,0
20180403180552,85,2,47,-1,0,5,-1,60,0,0,-1
20180403180585,80,3,47,-1,0,5,-1,60,0,0,-1
20180403180586,65,4,43,3,0,2,-1,0,0,0,0
20180403180586,65,4,43,2,0,3,-1,0,0,0,0
20180403180587,80,3,43,-1,0,5,-1,60,0,0,-1
20180403180642,78,2,44,-1,0,2,-1,0,0,0,-1
20180403180642,80,2,44,-1,0,3,-1,0,0,0,-1
20180403180651,70,2,34,-1,0,3,-1,0,0,0,-1
20180403180651,85,3,47,-1,0,4,-1,0,0,0,-1
20180403180665,75,1,33,-1,0,3,-1,0,0,0,-1
20180403180670,73,2,37,-1,0,3,-1,0,0,0,-1
20180403180713,80,3,33,-1,0,4,-1,60,0,0,-1
20180403180717,85,1,44,-1,0,3,-1,60,0,0,-1
20180403180747,85,4,20,4,1,2,2,0,0,0,0
20180403180754,80,4,33,20,0,2,-1,60,0,0,0
20180403180763,64,4,20,5,1,2,2,0,0,0,0
20180403180764,72,4,41,20,0,2,-1,0,0,0,0
20180403180764,75,1,56,-1,0,3,-1,42,0,0,-1
20180403180764,79,1,56,-1,0,4,-1,42,0,0,-1
20180403180764,80,1,56,-1,0,5,-1,61,0,0,-1
20180403180764,80,1,56,-1,0,6,-1,61,0,0,-1
20180403180819,76,4,34,5,0,2,-1,0,0,0,0
20180403180831,80,1,34,-1,0,3,-1,60,0,0,-1
20180403180911,80,1,39,-1,0,6,-1,60,0,0,-1
20180403180911,80,1,40,-1,0,7,-1,60,0,0,-1
20180403180942,80,4,33,5,0,2,-1,60,0,0,0
20180403180942,85,4,44,2,0,3,-1,60,0,0,0
20180403180979,62,4,20,4,1,2,2,0,0,0,0
20180403180996,78,2,47,-1,0,6,-1,0,0,0,-1
20180403181049,85,4,33,12,0,3,-1,0,0,0,0
20180403181049,85,1,34,-1,0,4,-1,60,0,0,-1
20180403181050,80,1,44,-1,0,2,-1,60,0,0,-1
20180403181055,85,1,43,-1,0,2,-1,0,0,0,-1
20180403181079,61,4,49,21,0,3,-1,0,0,0,0
20180403181096,76,1,42,-1,0,4,-1,0,0,0,-1
20180403181160,80,4,34,5,0,9,-1,60,0,0,0
20180403181181,85,4,33,6,0,2,-1,60,0,0,0
20180403181188,80,4,47,4,0,5,-1,60,0,0,0
20180403181188,80,4,48,8,0,6,-1,60,0,0,0
20180403181235,85,1,39,-1,0,3,-1,60,0,0,-1
20180403181257,51,4,33,11,0,12,-1,0,0,0,0
20180403181266,69,1,33,-1,0,5,-1,0,0,0,-1
20180403181293,85,2,35,-1,0,2,-1,60,0,0,-1
20180403181306,63,4,26,2,1,2,2,0,0,0,0
20180403181311,75,4,20,3,1,2,2,0,0,0,0
20180403181329,49,4,22,49,1,3,3,0,0,0,0
20180403181332,79,1,39,-1,0,4,-1,0,0,0,-1
20180403181332,80,2,34,-1,0,5,-1,60,0,0,-1
20180403181398,85,4,47,30,0,2,-1,60,0,0,0
20180403181398,80,1,43,-1,0,3,-1,0,0,0,-1
20180403181435,85,3,44,-1,0,3,-1,60,0,0,-1
20180403181439,72,4,33,2,0,2,-1,0,0,0,0
20180403181439,72,3,34,-1,0,3,-1,0,0,0,-1
20180403181459,85,4,47,5,0,3,-1,0,0,0,0
20180403181508,71,1,33,-1,0,6,-1,0,0,0,-1
20180403181508,76,1,34,-1,0,7,-1,0,0,0,-1
20180403181588,63,4,33,2,0,4,-1,0,0,0,0
20180403181588,85,4,47,2,0,5,-1,60,0,0,0
20180403181588,85,1,43,-1,0,6,-1,60,0,0,-1
20180403181588,85,3,44,-1,0,7,-1,60,0,0,-1
20180403181606,85,3,43,-1,0,2,-1,60,0,0,-1
20180403181658,80,2,33,-1,0,2,-1,0,0,0,-1
20180403181658,80,2,34,-1,0,3,-1,0,0,0,-1
20180403181672,80,4,34,1,0,4,-1,60,0,0,0
20180403181686,80,4,33,2,0,3,-1,60,0,0,0
20180403181686,85,3,34,-1,0,4,-1,60,0,0,-1
20180403181706,85,3,47,-1,0,6,-1,60,0,0,-1
20180403181706,85,3,48,-1,0,7,-1,60,0,0,-1
20180403181748,66,4,33,3,0,4,-1,0,0,0,0
20180403181755,74,4,24,7,1,2,2,0,0,0,0
20180403181776,66,4,20,6,1,2,2,0,0,0,0
20180403181814,80,4,33,10,0,3,-1,60,0,0,0
20180403181814,78,4,42,2,0,4,-1,0,0,0,0
20180403181820,72,4,24,2,1,2,2,0,0,0,0
20180403181821,85,2,47,-1,0,2,-1,60,0,0,-1
20180403181834,85,4,49,6,0,2,-1,60,0,0,0
20180403181834,80,4,43,3,0,3,-1,60,0,0,0
20180403181834,80,4,43,8,0,4,-1,60,0,0,0
20180403181853,85,4,41,20,0,3,-1,60,0,0,0
20180403181853,80,4,56,15,0,4,-1,61,0,0,0
20180403181853,73,4,56,15,0,5,-1,42,0,0,0
20180403181853,79,4,56,15,0,6,-1,42,0,0,0
20180403181853,85,4,56,15,0,7,-1,61,0,0,0
20180403181900,65,1,33,-1,0,5,-1,0,0,0,-1
20180403181948,65,1,48,-1,0,5,-1,0,0,0,-1
20180403181953,85,4,39,10,0,3,-1,60,0,0,0
20180403181984,80,1,39,-1,0,6,-1,60,0,0,-1
20180403182033,85,1,34,-1,0,5,-1,60,0,0,-1
20180403182053,72,4,33,3,0,4,-1,0,0,0,0
20180403182053,85,2,41,-1,0,5,-1,60,0,0,-1
20180403182083,80,4,33,3,0,2,-1,60,0,0,0
20180403182107,62,4,43,2,0,2,-1,0,0,0,0
20180403182132,80,1,43,-1,0,2,-1,60,0,0,-1
20180403182132,70,1,43,-1,0,3,-1,0,0,0,-1
20180403182147,85,4,48,5,0,4,-1,60,0,0,0
20180403182160,80,4,24,5,1,4,4,0,0,0,0
20180403182187,85,4,33,5,0,2,-1,60,0,0,0
20180403182187,80,3,34,-1,0,3,-1,60,0,0,-1
20180403182203,71,4,33,2,0,5,-1,0,0,0,0
20180403182203,80,4,34,2,0,6,-1,0,0,0,0
20180403182210,76,1,33,-1,0,3,-1,0,0,0,-1
20180403182214,85,1,33,-1,0,3,-1,60,0,0,-1
20180403182260,59,1,40,-1,0,3,-1,0,0,0,-1
20180403182269,75,4,43,5,0,2,-1,0,0,0,0
20180403182269,85,4,43,6,0,3,-1,60,0,0,0
20180403182272,73,1,33,-1,0,5,-1,0,0,0,-1
20180403182281,85,4,33,15,0,2,-1,60,0,0,0
20180403182300,78,4,49,2,0,3,-1,0,0,0,0
20180403182306,63,4,40,4,0,5,-1,0,0,0,0
20180403182309,64,4,20,4,1,2,2,0,0,0,0
20180403182312,74,3,24,-1,1,2,2,0,0,0,-1
20180403182366,65,1,43,-1,0,2,-1,0,0,0,-1
20180403182366,68,3,43,-1,0,3,-1,0,0,0,-1
20180403182372,80,2,56,-1,0,2,-1,60,0,0,-1
20180403182372,85,2,56,-1,0,3,-1,60,0,0,-1
20180403182383,85,4,47,2,0,3,-1,60,0,0,0
20180403182395,70,4,33,5,0,6,-1,0,0,0,0
20180403182395,75,4,34,5,0,7,-1,0,0,0,0
20180403182401,74,4,33,10,0,2,-1,0,0,0,0
20180403182406,71,4,34,2,0,5,-1,0,0,0,0
20180403182412,73,1,49,-1,0,3,-1,0,0,0,-1
20180403182453,85,1,44,-1,0,6,-1,61,0,0,-1
20180403182472,71,4,44,6,0,3,-1,0,0,0,0
20180403182494,85,4,39,3,0,3,-1,60,0,0,0
20180403182537,80,3,43,-1,0,2,-1,0,0,0,-1
20180404180506,75,2,43,-1,0,2,-1,42,42,0,-1
20180404180506,85,4,43,2,0,3,-1,61,42,0,42
20180404180506,66,3,43,-1,0,4,-1,42,42,0,-1
20180404180506,85,4,43,2,0,5,-1,61,42,0,42
20180404180506,74,4,43,2,0,6,-1,42,42,0,42
20180404180657,74,4,33,15,0,3,-1,0,0,0,0
20180404180759,85,4,43,5,0,2,-1,60,0,0,0
20180404180858,80,4,41,3,0,4,-1,60,0,0,0
20180404180890,64,1,44,-1,0,2,-1,0,0,0,-1
20180404180900,80,3,33,-1,0,3,-1,60,0,0,-1
20180404180900,85,4,34,4,0,4,-1,60,0,0,0
20180404180911,74,4,43,10,0,4,-1,0,0,0,0
20180404180956,85,4,33,6,0,4,-1,60,0,0,0
20180404180956,78,4,43,3,0,5,-1,0,0,0,0
20180404181039,75,1,40,-1,0,4,-1,0,0,0,-1
20180404181060,80,4,33,3,0,2,-1,60,0,0,0
20180404181087,80,4,44,5,0,3,-1,0,0,0,0
20180404181146,80,4,33,2,0,3,-1,60,0,0,0
20180404181146,85,4,34,2,0,4,-1,60,0,0,0
20180404181146,79,4,40,2,0,5,-1,0,0,0,0
20180404181146,80,3,43,-1,0,6,-1,60,0,0,-1
20180404181152,80,4,41,5,0,9,-1,60,0,0,0
20180404181200,80,4,44,14,0,2,-1,0,0,0,0
20180404181381,68,1,43,-1,0,3,-1,0,0,0,-1
20180404181458,85,4,43,5,0,2,-1,60,0,0,0
20180404181540,85,4,41,3,0,2,-1,60,0,0,0
20180404181549,85,4,44,2,0,2,-1,60,0,0,0
20180404181549,85,4,44,2,0,3,-1,60,0,0,0
20180404181549,85,4,44,10,0,4,-1,0,0,0,0
20180404181549,85,4,44,10,0,5,-1,60,0,0,0
20180404181549,85,4,44,10,0,6,-1,0,0,0,0
20180404181699,85,4,33,10,0,3,-1,60,0,0,0
20180404181790,85,4,43,2,0,2,-1,60,0,0,0
20180404181790,85,1,44,-1,0,3,-1,60,0,0,-1
20180404181824,79,2,33,-1,0,3,-1,0,0,0,-1
20180404181890,85,1,56,-1,0,2,-1,60,0,0,-1
20180404181890,79,4,56,2,0,3,-1,0,0,0,42
20180404181906,85,4,33,2,0,2,-1,60,0,0,0
20180404182023,72,2,34,-1,0,2,-1,0,0,0,-1
20180404182042,66,4,24,2,1,2,2,0,42,0,42
20180404182188,85,4,37,1,0,2,-1,0,0,0,0
20180404182215,80,3,33,-1,0,3,-1,60,0,0,-1
20180404182215,80,3,34,-1,0,4,-1,60,0,0,-1
20180404182347,67,4,56,5,0,4,-1,0,42,0,42
20180404182368,85,4,49,15,0,5,-1,60,0,0,0
20180404182503,69,4,43,2,0,2,-1,0,0,0,0
20180502180922,85,1,43,-1,0,5,-1,0,0,0,-1
20180502180922,80,1,43,-1,0,6,-1,0,0,0,-1
20180502180922,75,1,43,-1,0,7,-1,0,0,0,-1
20180502180922,75,1,43,-1,0,8,-1,0,0,0,-1
20180502181410,80,4,41,2,0,7,-1,60,0,0,0
20180502182371,80,1,40,-1,0,6,-1,60,0,0,-1
20180503181021,80,4,33,10,0,4,-1,0,0,0,0
20180503181126,76,4,33,2,0,3,-1,0,0,0,0
20180503181183,69,4,33,5,0,7,-1,0,0,0,0
20180503181183,69,4,34,5,0,8,-1,0,0,0,0
20180503181183,77,4,26,3,1,5,5,0,0,0,0
20180503181211,72,4,43,5,0,2,-1,0,0,0,0
20180503181211,75,4,43,5,0,3,-1,0,0,0,0
20180503181483,76,4,44,4,0,3,-1,0,0,0,0
20180503181483,80,4,44,4,0,4,-1,60,0,0,0
20180503181782,64,4,29,8,1,4,4,0,0,0,0
20180503181878,80,4,39,3,0,5,-1,60,0,0,0
20180503181967,72,1,39,-1,0,5,-1,0,0,0,-1
20180503181990,79,4,47,2,0,5,-1,0,0,0,0
20180503182429,85,4,33,3,0,3,-1,60,0,0,0
20180504180071,85,3,44,-1,0,6,-1,61,0,0,-1
20180504180098,85,4,44,6,0,5,-1,60,0,0,0
20180504180517,85,4,33,5,0,3,-1,60,0,0,0
20180504180526,70,4,26,2,1,2,2,0,0,0,0
20180504180561,80,4,33,5,0,2,-1,60,0,0,0
20180504180565,70,4,41,1,0,2,-1,0,0,0,0
20180504180565,61,3,33,-1,0,3,-1,0,0,0,-1
20180504180565,80,2,48,-1,0,4,-1,0,0,0,-1
20180504180570,85,4,33,5,0,2,-1,60,0,0,0
20180504180584,77,1,47,-1,0,5,-1,42,0,0,-1
20180504180594,65,4,43,4,0,3,-1,0,0,0,0
20180504180595,85,4,43,7,0,3,-1,60,0,0,0
20180504180595,73,4,43,5,0,4,-1,0,0,0,0
20180504180597,72,4,33,2,0,2,-1,0,0,0,0
20180504180613,80,4,47,10,0,2,-1,0,0,0,0
20180504180640,80,4,33,7,0,2,-1,0,0,0,0
20180504180655,85,1,33,-1,0,5,-1,0,0,0,-1
20180504180666,65,1,44,-1,0,3,-1,0,0,0,-1
20180504180666,68,1,44,-1,0,4,-1,0,0,0,-1
20180504180698,54,4,33,20,0,2,-1,0,0,0,0
20180504180739,80,1,56,-1,0,2,-1,0,0,0,-1
20180504180744,85,4,33,2,0,4,-1,0,0,0,0
20180504180744,80,4,49,2,0,5,-1,60,0,0,0
20180504180745,85,4,43,4,0,4,-1,60,0,0,0
20180504180773,66,4,20,3,1,2,2,0,0,0,0
20180504180782,79,3,47,-1,0,3,-1,0,0,0,-1
20180504180789,85,4,44,4,0,3,-1,60,0,0,0
20180504180809,47,1,33,-1,0,4,-1,0,0,0,-1
20180504180809,45,1,34,-1,0,5,-1,0,0,0,-1
20180504180822,75,3,43,-1,0,3,-1,0,0,0,-1
20180504180822,85,1,43,-1,0,4,-1,60,0,0,-1
20180504180822,85,3,43,-1,0,5,-1,60,0,0,-1
20180504180822,85,4,43,2,0,6,-1,60,0,0,0
20180504180822,78,1,43,-1,0,7,-1,0,0,0,-1
20180504180837,78,4,33,4,0,3,-1,0,0,0,0
20180504180846,53,4,38,3,0,4,-1,0,0,0,0
20180504180846,80,4,24,10,1,3,3,0,0,0,0
20180504180863,85,4,33,5,0,3,-1,60,0,0,0
20180504180908,85,1,33,-1,0,2,-1,60,0,0,-1
20180504180914,80,4,33,3,0,2,-1,0,0,0,0
20180504180914,67,4,35,5,0,3,-1,0,0,0,0
20180504180915,85,4,33,2,0,3,-1,60,0,0,0
20180504180955,78,4,38,8,0,6,-1,0,0,0,0
20180504180966,47,4,25,2,1,3,3,0,0,0,0
20180504180988,80,4,33,3,0,2,-1,60,0,0,0
20180504181049,80,4,33,2,0,4,-1,60,0,0,0
20180504181144,85,4,33,1,0,2,-1,60,0,0,0
20180504181144,85,4,34,1,0,3,-1,60,0,0,0
20180504181159,79,1,43,-1,0,7,-1,0,0,0,-1
20180504181159,47,1,43,-1,0,8,-1,0,0,0,-1
20180504181160,85,4,43,25,0,2,-1,60,0,0,0
20180504181160,78,4,43,2,0,3,-1,0,0,0,0
20180504181234,85,4,33,2,0,3,-1,60,0,0,0
20180504181241,57,4,20,10,1,2,2,0,0,0,0
20180504181260,78,1,39,-1,0,6,-1,0,0,0,-1
20180504181260,80,1,40,-1,0,7,-1,60,0,0,-1
20180504181263,69,3,56,-1,0,4,-1,0,0,0,-1
20180504181263,65,3,56,-1,0,5,-1,0,0,0,-1
20180504181291,80,4,34,2,0,4,-1,60,0,0,0
20180504181291,80,4,33,5,0,5,-1,60,0,0,0
20180504181311,33,4,49,12,0,2,-1,0,0,0,0
20180504181327,85,4,33,8,0,4,-1,0,0,0,0
20180504181401,76,3,34,-1,0,3,-1,0,0,0,-1
20180504181426,85,4,47,4,0,7,-1,60,0,0,0
20180504181426,85,4,48,4,0,8,-1,60,0,0,0
20180504181426,80,3,43,-1,0,9,-1,0,0,0,-1
20180504181432,85,1,43,-1,0,2,-1,60,0,0,-1
20180504181432,80,4,43,3,0,3,-1,60,0,0,0
20180504181432,78,1,43,-1,0,4,-1,0,0,0,-1
20180504181435,77,4,33,4,0,2,-1,0,0,0,0
20180504181440,80,4,43,2,0,2,-1,0,0,0,0
20180504181479,61,4,33,5,0,2,-1,0,0,0,0
20180504181479,70,4,34,5,0,3,-1,0,0,0,0
20180504181503,85,2,39,-1,0,2,-1,60,0,0,-1
20180504181512,85,4,43,3,0,2,-1,60,0,0,0
20180504181512,80,4,43,3,0,3,-1,60,0,0,0
20180504181552,67,1,43,-1,0,2,-1,0,0,0,-1
20180504181556,69,4,43,2,0,2,-1,0,0,0,0
20180504181557,59,1,34,-1,0,6,-1,0,0,0,-1
20180504181569,79,4,43,12,0,6,-1,0,0,0,0
20180504181569,62,4,43,5,0,7,-1,0,0,0,0
20180504181569,72,3,43,-1,0,8,-1,42,0,0,-1
20180504181588,75,4,33,15,0,5,-1,0,0,0,0
20180504181603,75,4,34,2,0,8,-1,0,0,0,0
20180504181603,69,4,33,2,0,9,-1,0,0,0,0
20180504181604,80,4,34,5,0,2,-1,0,0,0,0
20180504181620,52,4,56,3,0,6,-1,0,0,0,0
20180504181638,72,3,38,-1,0,3,-1,0,0,0,-1
20180504181697,80,4,56,2,0,2,-1,61,42,0,42
20180504181732,68,4,33,6,0,4,-1,0,0,0,0
20180504181755,85,4,40,2,0,3,-1,60,0,0,0
20180504181770,85,4,33,2,0,2,-1,60,0,0,0
20180504181774,80,4,39,5,0,7,-1,60,0,0,0
20180504181795,85,4,39,4,0,3,-1,60,0,0,0
20180504181813,85,2,26,-1,1,2,2,0,0,0,-1
20180504181823,85,1,48,-1,0,5,-1,60,0,0,-1
20180504181839,72,4,20,6,1,2,2,0,0,0,0
20180504181871,80,4,33,11,0,4,-1,0,0,0,0
20180504181872,65,1,43,-1,0,2,-1,0,0,0,-1
20180504181881,72,4,33,15,0,9,-1,0,0,0,0
20180504181881,74,4,34,15,0,10,-1,0,0,0,0
20180504181895,74,4,34,2,0,6,-1,0,0,0,0
20180504181903,68,4,44,3,0,7,-1,0,0,0,0
20180504181903,59,4,44,3,0,8,-1,0,0,0,0
20180504181903,85,4,44,37,0,9,-1,60,0,0,0
20180504181910,75,3,33,-1,0,2,-1,0,0,0,-1
20180504181976,75,4,43,2,0,3,-1,0,0,0,0
20180504181976,70,2,43,-1,0,4,-1,0,0,0,-1
20180504181976,65,4,43,3,0,5,-1,0,0,0,0
20180504181976,80,3,43,-1,0,6,-1,0,0,0,-1
20180504182008,85,4,47,5,0,3,-1,60,0,0,0
20180504182012,85,4,43,1,0,9,-1,60,0,0,0
20180504182049,85,4,33,32,0,2,-1,60,0,0,0
20180504182090,51,4,43,15,0,6,-1,0,0,0,0
20180504182153,63,4,20,5,1,2,2,0,0,0,0
20180504182167,80,3,41,-1,0,2,-1,0,0,0,-1
20180504182197,72,4,43,6,0,4,-1,0,0,0,0
20180504182207,78,4,20,2,1,2,2,0,0,0,0
20180504182233,85,4,39,5,0,3,-1,60,0,0,0
20180504182245,80,2,47,-1,0,5,-1,60,0,0,-1
20180504182271,85,1,47,-1,0,7,-1,60,0,0,-1
20180504182292,79,4,33,5,0,2,-1,0,0,0,0
20180504182329,77,4,39,2,0,5,-1,0,0,0,0
20180504182334,80,1,34,-1,0,8,-1,60,0,0,-1
20180504182340,77,4,20,3,1,2,2,0,0,0,0
20180504182353,72,4,39,5,0,4,-1,0,0,0,0
20180504182359,70,1,33,-1,0,2,-1,0,0,0,-1
20180504182374,85,3,40,-1,0,3,-1,60,0,0,-1
20180504182384,80,4,38,5,0,2,-1,0,0,0,0
20180504182443,80,2,56,-1,0,3,-1,60,0,0,-1
20180504182443,80,2,56,-1,0,4,-1,60,0,0,-1
20180504182443,85,4,56,2,0,5,-1,60,0,0,0
20180504182443,75,2,56,-1,0,6,-1,0,0,0,-1
20180504182443,70,4,56,1,0,7,-1,0,0,0,0
20180504182457,80,2,47,-1,0,4,-1,0,0,0,-1
20180504182460,76,4,33,8,0,4,-1,0,0,0,0
20180504182477,79,4,40,5,0,5,-1,0,0,0,0
20180504182477,77,4,39,5,0,6,-1,0,0,0,0
20180504182484,71,4,24,3,1,4,4,0,0,0,0
20180504182485,85,3,44,-1,0,3,-1,60,0,0,-1
20180504182485,85,2,56,-1,0,4,-1,60,0,0,-1
20180504182495,85,4,20,5,1,2,2,0,0,0,0
20180504182498,85,4,33,5,0,3,-1,60,0,0,0
20180504182502,80,4,47,3,0,8,-1,60,0,0,0
20180504182502,85,4,48,3,0,9,-1,60,0,0,0
20180504182502,85,4,44,4,0,10,-1,61,0,0,0
20180504182526,78,4,34,10,0,7,-1,0,0,0,0
20180504182540,65,4,20,5,1,2,2,0,0,0,0
20180505180859,85,4,33,3,0,2,-1,60,0,0,0
20180505180859,85,4,34,3,0,3,-1,0,0,0,0
20180505180859,62,1,44,-1,0,4,-1,0,0,0,-1
20180505181049,80,4,33,12,0,2,-1,0,0,0,0
20180505181049,77,2,56,-1,0,3,-1,0,0,0,-1
20180505181049,72,3,56,-1,0,4,-1,0,0,0,-1
20180505181307,72,1,44,-1,0,3,-1,0,0,0,-1
20180505181881,85,2,47,-1,0,4,-1,60,0,0,-1
20180505182012,85,4,47,2,0,2,-1,0,0,0,0
20180505182012,80,4,48,2,0,3,-1,61,0,0,0
20180603181647,78,1,43,-1,0,3,-1,0,0,0,-1
20180603181647,80,1,43,-1,0,4,-1,60,0,0,-1
20180603181647,60,1,43,-1,0,5,-1,0,0,0,-1
20180604180936,85,4,47,10,0,6,-1,60,0,0,0
20180604180957,70,3,44,-1,0,2,-1,0,0,0,-1
20180604180957,70,3,44,-1,0,3,-1,0,0,0,-1
20180604181016,80,4,44,5,0,4,-1,0,0,0,0
20180604181016,80,4,44,5,0,5,-1,0,0,0,0
20180604181102,85,4,33,5,0,3,-1,60,0,0,0
20180604181102,85,4,34,5,0,4,-1,60,0,0,0
20180604181121,79,1,20,-1,1,2,2,0,0,0,-1
20180604181441,71,3,47,-1,0,5,-1,0,0,0,-1
20180604181459,85,4,47,5,0,5,-1,60,0,0,0
20180604181459,71,1,44,-1,0,6,-1,42,0,0,-1
20180604181459,70,1,44,-1,0,7,-1,0,0,0,-1
20180604181466,80,1,20,-1,1,2,2,0,0,0,-1
20180604181493,85,4,34,5,0,3,-1,60,0,0,0
20180604181715,62,4,33,6,0,3,-1,0,0,0,0
20180604181896,73,4,33,2,0,5,-1,0,0,0,0
20180604181896,80,4,34,2,0,6,-1,60,0,0,0
20180604181950,85,1,39,-1,0,3,-1,60,0,0,-1
20180604182170,85,4,39,5,0,3,-1,60,0,0,0
20180604182170,85,4,40,5,0,4,-1,60,0,0,0
20180604182172,80,4,20,3,1,2,2,0,0,0,0
20180604182185,85,4,44,2,0,4,-1,60,0,0,0
20180604182398,62,4,24,20,1,2,2,0,0,0,0
20180604182425,78,4,33,3,0,3,-1,0,0,0,0
20180604182425,80,4,42,3,0,4,-1,0,0,0,0
20180605180046,85,4,44,2,0,2,-1,60,0,0,0
20180605180076,63,4,24,24,1,2,2,0,0,0,0
20180605180110,75,4,33,4,0,6,-1,0,0,0,0
20180605180110,76,4,34,8,0,7,-1,0,0,0,0
20180605180139,85,4,33,5,0,3,-1,60,0,0,0
20180605180139,85,4,39,5,0,4,-1,60,0,0,0
20180605180147,76,4,44,5,0,3,-1,0,0,0,0
20180605180155,59,3,24,-1,1,3,3,0,0,0,-1
20180605180511,85,4,33,8,0,2,-1,60,0,0,0
20180605180511,85,4,44,6,0,3,-1,60,0,0,0
20180605180627,67,3,20,-1,1,2,2,0,0,0,-1
20180605180627,85,4,26,20,1,4,4,0,0,0,0
20180605180630,69,2,34,-1,0,5,-1,0,0,0,-1
20180605180656,80,4,49,3,0,2,-1,60,0,0,0
20180605180676,67,3,40,-1,0,4,-1,0,0,0,-1
20180605180684,73,1,43,-1,0,3,-1,0,0,0,-1
20180605180715,85,2,20,-1,1,2,2,60,0,0,-1
20180605180794,85,4,20,5,1,2,2,0,0,0,0
20180605180803,85,4,33,5,0,3,-1,60,0,0,0
20180605180814,85,4,48,2,0,6,-1,60,0,0,0
20180605180814,65,3,33,-1,0,7,-1,0,0,0,-1
20180605180814,77,3,34,-1,0,8,-1,0,0,0,-1
20180605180844,85,3,33,-1,0,3,-1,60,0,0,-1
20180605180853,80,4,26,2,1,5,5,0,0,0,0
20180605180866,77,4,33,2,0,4,-1,0,0,0,0
20180605180866,70,4,40,2,0,5,-1,0,0,0,0
20180605180869,85,3,33,-1,0,5,-1,61,43,43,-1
20180605180877,85,4,34,3,0,3,-1,60,0,0,0
20180605180902,85,4,24,2,1,3,3,60,0,0,0
20180605180903,80,4,33,4,0,3,-1,60,0,0,0
20180605180941,80,2,44,-1,0,4,-1,0,0,0,-1
20180605180957,55,4,24,5,1,2,2,0,0,0,0
20180605180957,48,4,24,5,1,3,3,0,0,0,0
20180605180982,85,4,44,10,0,2,-1,60,0,0,0
20180605181007,85,4,34,5,0,5,-1,60,0,0,0
20180605181016,85,4,37,5,0,2,-1,60,0,0,0
20180605181048,85,3,33,-1,0,3,-1,60,0,0,-1
20180605181052,85,3,43,-1,0,2,-1,60,0,0,-1
20180605181062,59,4,25,2,1,3,3,0,0,0,0
20180605181067,80,4,49,7,0,3,-1,61,0,0,0
20180605181089,80,4,33,2,0,4,-1,60,0,0,0
20180605181116,85,4,47,2,0,3,-1,60,0,0,42
20180605181129,80,4,49,2,0,3,-1,60,0,0,0
20180605181131,80,1,49,-1,0,2,-1,60,0,0,-1
20180605181131,80,4,34,2,0,3,-1,60,0,0,0
20180605181158,67,1,20,-1,1,2,2,0,0,0,-1
20180605181176,85,4,41,2,0,2,-1,60,0,0,0
20180605181225,80,1,44,-1,0,2,-1,60,0,0,-1
20180605181225,80,1,44,-1,0,3,-1,0,0,0,-1
20180605181249,85,1,44,-1,0,2,-1,0,0,0,-1
20180605181256,80,4,33,2,0,2,-1,60,0,0,0
20180605181276,80,1,49,-1,0,2,-1,60,0,0,-1
20180605181318,85,3,43,-1,0,3,-1,60,0,0,-1
20180605181318,80,4,43,2,0,4,-1,0,0,0,0
20180605181318,85,4,43,3,0,5,-1,0,0,0,0
20180605181318,85,4,43,3,0,6,-1,60,0,0,0
20180605181401,80,4,24,5,1,2,2,0,0,0,0
20180605181407,80,3,47,-1,0,9,-1,60,0,0,-1
20180605181412,80,4,39,7,0,3,-1,60,0,0,0
20180605181412,80,4,40,4,0,4,-1,60,0,0,0
20180605181429,65,3,44,-1,0,5,-1,0,0,0,-1
20180605181429,75,1,44,-1,0,6,-1,0,0,0,-1
20180605181439,54,4,29,2,1,2,2,0,0,0,42
20180605181440,85,4,40,4,0,4,-1,60,0,0,0
20180605181451,80,4,56,3,0,3,-1,60,0,0,0
20180605181451,85,2,33,-1,0,4,-1,0,0,0,-1
20180605181457,85,4,33,2,0,4,-1,60,0,0,0
20180605181528,85,4,24,2,1,2,2,0,0,0,0
20180605181532,85,2,48,-1,0,2,-1,60,0,0,-1
20180605181552,85,4,33,3,0,3,-1,0,0,0,0
20180605181554,75,4,33,19,0,5,-1,0,0,0,0
20180605181560,49,2,24,-1,1,3,3,0,0,0,-1
20180605181576,85,4,25,8,1,2,2,0,0,0,0
20180605181590,67,4,33,5,0,4,-1,0,0,0,0
20180605181623,80,4,34,4,0,3,-1,60,0,0,0
20180605181678,85,4,39,7,0,3,-1,60,0,0,0
20180605181700,74,4,41,6,0,2,-1,0,0,0,0
20180605181700,85,3,56,-1,0,3,-1,0,0,0,-1
20180605181700,80,3,56,-1,0,4,-1,60,0,0,-1
20180605181700,85,3,56,-1,0,5,-1,60,0,0,-1
20180605181706,85,1,43,-1,0,3,-1,60,0,0,-1
20180605181706,85,1,43,-1,0,4,-1,60,0,0,-1
20180605181707,61,1,56,-1,0,3,-1,0,0,0,-1
20180605181777,85,4,33,10,0,2,-1,60,0,0,0
20180605181777,85,4,41,5,0,3,-1,60,0,0,0
20180605181781,77,4,24,10,1,2,2,0,0,0,0
20180605181781,77,4,24,10,1,3,3,0,0,0,0
20180605181784,80,4,47,2,0,6,-1,0,0,0,0
20180605181784,75,4,39,5,0,7,-1,0,0,0,0
20180605181784,67,4,41,4,0,8,-1,0,0,0,0
20180605181784,60,2,33,-1,0,9,-1,0,0,0,-1
20180605181815,85,4,43,6,0,2,-1,60,0,0,0
20180605181819,85,4,39,4,0,5,-1,60,0,0,0
20180605181835,80,4,33,2,0,3,-1,60,0,0,0
20180605181839,79,3,33,-1,0,5,-1,0,0,0,-1
20180605181839,80,3,34,-1,0,6,-1,60,0,0,-1
20180605181864,85,1,47,-1,0,6,-1,60,0,0,-1
20180605181886,52,4,56,2,0,3,-1,0,42,0,42
20180605181904,80,3,47,-1,0,5,-1,60,0,0,-1
20180605181904,85,3,48,-1,0,6,-1,60,0,0,-1
20180605181905,47,4,33,2,0,5,-1,0,0,0,0
20180605181929,72,3,39,-1,0,5,-1,0,0,0,-1
20180605181929,80,3,40,-1,0,6,-1,60,0,0,-1
20180605181936,73,4,33,3,0,5,-1,0,0,0,0
20180605181936,75,4,34,3,0,6,-1,0,0,0,0
20180605182030,80,3,39,-1,0,5,-1,60,0,0,-1
20180605182049,66,1,38,-1,0,2,-1,0,0,0,-1
20180605182049,64,1,38,-1,0,3,-1,0,0,0,-1
20180605182054,53,4,39,2,0,8,-1,0,0,0,0
20180605182054,70,4,44,4,0,9,-1,0,0,0,0
20180605182054,55,4,44,2,0,10,-1,0,0,0,0
20180605182054,62,3,44,-1,0,11,-1,0,0,0,-1
20180605182065,80,4,48,4,0,3,-1,60,0,0,0
20180605182078,80,4,33,15,0,2,-1,60,0,0,0
20180605182106,59,4,40,1,0,11,-1,0,0,0,0
20180605182108,75,2,33,-1,0,4,-1,0,0,0,-1
20180605182118,56,3,33,-1,0,3,-1,0,0,0,-1
20180605182119,44,1,49,-1,0,2,-1,0,0,0,-1
20180605182158,85,2,44,-1,0,2,-1,60,0,0,-1
20180605182158,71,1,43,-1,0,3,-1,0,0,0,-1
20180605182188,65,2,33,-1,0,5,-1,0,0,0,-1
20180605182199,85,4,47,10,0,6,-1,60,0,0,0
20180605182204,80,2,44,-1,0,2,-1,0,0,0,-1
20180605182230,80,1,34,-1,0,2,-1,0,0,0,-1
20180605182243,80,4,33,6,0,5,-1,60,0,0,0
20180605182245,70,2,43,-1,0,3,-1,0,0,0,-1
20180605182245,70,2,43,-1,0,4,-1,0,0,0,-1
20180605182247,85,3,47,-1,0,2,-1,60,0,0,-1
20180605182252,85,4,33,2,0,3,-1,60,0,0,0
20180605182277,85,4,43,3,0,3,-1,60,0,0,0
20180605182277,85,4,43,2,0,4,-1,60,0,0,0
20180605182278,85,4,43,3,0,3,-1,60,0,0,0
20180605182300,85,2,34,-1,0,5,-1,60,0,0,-1
20180605182328,76,4,47,2,0,2,-1,0,0,0,0
20180605182360,70,4,43,1,0,2,-1,0,0,0,0
20180605182360,67,1,43,-1,0,3,-1,0,0,0,-1
20180605182360,59,2,43,-1,0,4,-1,0,0,0,-1
20180605182366,85,4,43,5,0,2,-1,60,0,0,0
20180605182366,85,4,56,5,0,3,-1,60,0,0,0
20180605182366,85,4,43,5,0,4,-1,60,0,0,0
20180605182366,80,4,43,5,0,5,-1,60,0,0,0
20180605182450,70,4,28,2,1,2,2,0,0,0,0
20180605182455,85,4,34,3,0,3,-1,60,0,0,0
20180605182476,85,4,33,8,0,2,-1,60,0,0,0
20180605182479,85,3,26,-1,1,2,2,0,0,0,-1
20180605182479,74,3,26,-1,1,3,3,0,0,0,-1
20180605182481,85,4,39,4,0,3,-1,60,0,0,0
20180605182481,85,4,40,4,0,4,-1,60,0,0,0
20180605182510,68,3,20,-1,1,2,2,0,0,0,-1
20180606180520,69,4,49,2,0,2,-1,0,0,0,0
20180606180635,85,4,56,2,0,2,-1,60,0,0,0
20180606180820,68,2,49,-1,0,3,-1,0,0,0,-1
20180606180820,73,1,49,-1,0,4,-1,0,0,0,-1
20180606181394,85,4,39,8,0,3,-1,0,0,0,0
20180606181603,85,4,33,10,0,2,-1,60,0,0,0
20180606181889,50,4,42,4,0,2,-1,0,0,0,0
20180606182004,85,4,43,2,0,2,-1,60,0,0,0
20180606182217,85,4,24,25,1,5,5,60,0,0,0
20180606182261,85,4,34,11,0,3,-1,60,0,0,0
20180606182393,65,3,56,-1,0,5,-1,0,0,0,-1
20180606182393,70,4,24,3,1,4,4,0,0,0,0
20180606182423,73,4,33,5,0,5,-1,0,0,0,0
20180606182423,76,4,34,5,0,6,-1,0,0,0,0
20180606182423,64,2,43,-1,0,7,-1,0,0,0,-1
20180705180138,80,4,26,4,1,3,3,0,0,0,0
20180705180536,79,4,20,5,1,2,2,0,0,0,0
20180705180557,80,4,33,40,0,3,-1,0,0,0,0
20180705180693,85,4,34,5,0,5,-1,60,0,0,0
20180705180706,80,4,33,2,0,6,-1,60,0,0,0
20180705180713,80,4,47,2,0,3,-1,60,0,0,0
20180705180797,85,4,33,20,0,6,-1,0,0,0,0
20180705180806,85,4,33,10,0,8,-1,60,0,0,0
20180705181115,80,1,43,-1,0,3,-1,60,0,0,-1
20180705181198,80,4,33,5,0,4,-1,60,0,0,0
20180705181198,85,4,34,5,0,5,-1,60,0,0,0
20180705181218,85,4,47,12,0,3,-1,60,0,0,0
20180705181230,72,3,43,-1,0,5,-1,42,0,0,-1
20180705181292,74,4,34,4,0,4,-1,0,0,0,0
20180705181292,67,4,33,4,0,5,-1,0,0,0,0
20180705181312,85,4,34,10,0,2,-1,60,0,0,0
20180705181581,85,4,44,4,0,2,-1,60,0,0,0
20180705181693,78,1,49,-1,0,3,-1,0,0,0,-1
20180705181747,80,4,44,3,0,5,-1,0,0,0,0
20180705181814,79,4,24,5,1,2,2,0,0,0,0
20180705181942,55,4,49,3,0,3,-1,0,0,0,0
20180705182069,85,4,34,4,0,3,-1,60,0,0,0
20180705182227,67,1,49,-1,0,2,-1,0,0,0,-1
20180705182232,80,4,44,3,0,6,-1,0,0,0,0
20180705182317,78,4,33,3,0,3,-1,0,0,0,0
20180705182323,85,4,33,2,0,3,-1,60,0,0,0
20180705182323,85,4,34,2,0,4,-1,60,0,0,0
20180705182339,67,4,33,3,0,5,-1,0,0,0,0
20180705182339,65,3,42,-1,0,6,-1,0,0,0,-1
20180705182339,70,1,44,-1,0,7,-1,0,0,0,-1
20180705182339,60,1,44,-1,0,8,-1,0,0,0,-1
20180705182339,70,1,44,-1,0,9,-1,0,0,0,-1
20180705182435,85,4,47,2,0,9,-1,60,0,0,0
20180706180015,70,4,43,10,0,2,-1,0,0,0,0
20180706180015,55,4,43,3,0,3,-1,0,0,0,0
20180706180054,75,4,33,10,0,3,-1,0,0,0,0
20180706180067,76,4,24,5,1,2,2,0,0,0,0
20180706180067,73,4,24,5,1,3,3,0,0,0,0
20180706180075,75,4,48,8,0,6,-1,42,0,0,0
20180706180092,73,1,33,-1,0,2,-1,0,0,0,-1
20180706180516,77,3,49,-1,0,3,-1,0,0,0,-1
20180706180530,58,3,43,-1,0,2,-1,0,0,0,-1
20180706180531,73,2,44,-1,0,5,-1,0,0,0,-1
20180706180563,80,1,25,-1,1,2,2,0,0,0,-1
20180706180632,71,4,20,2,1,2,2,0,0,0,0
20180706180640,80,4,43,2,0,3,-1,60,0,0,42
20180706180640,80,4,43,4,0,4,-1,60,0,0,0
20180706180640,54,4,43,1,0,5,-1,0,0,0,0
20180706180650,85,1,47,-1,0,5,-1,60,0,0,-1
20180706180650,66,2,26,-1,1,4,4,0,0,0,-1
20180706180655,80,4,49,5,0,3,-1,0,0,0,0
20180706180661,75,4,33,2,0,3,-1,0,0,0,0
20180706180678,80,4,33,10,0,5,-1,0,0,0,0
20180706180678,74,4,56,3,0,6,-1,0,0,0,0
20180706180678,59,3,56,-1,0,7,-1,0,0,0,-1
20180706180681,77,4,47,2,0,3,-1,0,0,0,0
20180706180688,79,4,33,5,0,2,-1,0,0,0,0
20180706180688,77,4,34,5,0,3,-1,0,0,0,0
20180706180696,64,1,33,-1,0,3,-1,0,0,0,-1
20180706180696,63,1,34,-1,0,4,-1,0,0,0,-1
20180706180729,80,3,33,-1,0,4,-1,60,0,0,-1
20180706180729,80,3,34,-1,0,5,-1,60,0,0,-1
20180706180750,77,1,39,-1,0,3,-1,0,0,0,-1
20180706180787,73,4,38,10,0,3,-1,0,0,0,0
20180706180793,74,1,43,-1,0,3,-1,0,0,0,-1
20180706180798,79,4,34,17,0,3,-1,0,0,0,0
20180706180798,80,3,43,-1,0,4,-1,60,0,0,-1
20180706180839,71,4,47,8,0,4,-1,0,0,0,0
20180706180839,72,4,48,8,0,5,-1,0,0,0,0
20180706180839,42,4,24,5,1,2,2,0,0,0,0
20180706180873,85,3,48,-1,0,7,-1,60,0,0,-1
20180706180885,72,4,33,2,0,5,-1,0,0,0,0
20180706180912,85,4,56,2,0,2,-1,60,0,0,0
20180706180940,74,4,33,2,0,2,-1,0,0,0,0
20180706180946,79,4,43,5,0,4,-1,0,0,0,0
20180706180947,79,4,33,3,0,4,-1,0,0,0,0
20180706180954,85,3,33,-1,0,3,-1,60,0,0,-1
20180706180992,80,4,43,8,0,2,-1,60,0,0,0
20180706180992,58,4,44,7,0,3,-1,0,0,0,0
20180706180992,45,4,49,2,0,4,-1,0,0,0,0
20180706181033,80,1,43,-1,0,5,-1,0,0,0,-1
20180706181051,85,1,33,-1,0,4,-1,60,0,0,-1
20180706181079,75,3,33,-1,0,3,-1,0,0,0,-1
20180706181079,75,1,40,-1,0,4,-1,0,0,0,-1
20180706181087,85,2,43,-1,0,5,-1,0,0,0,-1
20180706181087,85,1,43,-1,0,6,-1,60,0,0,-1
20180706181087,78,1,43,-1,0,7,-1,0,0,0,-1
20180706181088,77,4,47,5,0,4,-1,0,0,0,0
20180706181095,65,3,33,-1,0,5,-1,0,0,0,-1
20180706181095,67,4,34,15,0,6,-1,0,0,0,0
20180706181095,80,4,44,8,0,7,-1,0,0,0,0
20180706181095,75,4,44,8,0,8,-1,0,0,0,0
20180706181141,80,4,33,3,0,2,-1,60,0,0,0
20180706181186,85,3,34,-1,0,4,-1,60,0,0,-1
20180706181238,80,4,33,10,0,3,-1,60,0,0,0
20180706181238,85,4,39,8,0,4,-1,60,0,0,0
20180706181250,72,1,34,-1,0,6,-1,0,0,0,-1
20180706181250,64,1,39,-1,0,7,-1,0,0,0,-1
20180706181257,67,4,20,2,1,2,2,0,0,0,0
20180706181263,80,1,43,-1,0,2,-1,60,0,0,-1
20180706181263,80,1,43,-1,0,3,-1,60,0,0,-1
20180706181273,80,4,43,3,0,2,-1,60,0,0,0
20180706181330,76,4,24,2,1,4,4,0,0,0,0
20180706181334,63,4,26,4,1,2,2,0,0,0,0
20180706181393,75,2,39,-1,0,4,-1,0,0,0,-1
20180706181393,76,2,40,-1,0,5,-1,0,0,0,-1
20180706181412,76,4,20,2,1,2,2,0,0,0,0
20180706181413,76,3,20,-1,1,2,2,0,0,0,-1
20180706181420,70,4,43,5,0,4,-1,0,0,0,0
20180706181420,85,2,43,-1,0,5,-1,60,0,0,-1
20180706181420,85,4,24,28,1,3,3,60,0,0,0
20180706181456,85,1,34,-1,0,3,-1,60,0,0,-1
20180706181456,85,1,33,-1,0,4,-1,60,0,0,-1
20180706181475,80,1,34,-1,0,4,-1,60,0,0,-1
20180706181479,73,3,47,-1,0,5,-1,0,0,0,-1
20180706181479,74,3,48,-1,0,6,-1,0,0,0,-1
20180706181516,69,4,56,31,0,2,-1,0,0,0,0
20180706181517,79,1,20,-1,1,2,2,0,0,0,-1
20180706181525,72,1,43,-1,0,2,-1,0,0,0,-1
20180706181525,85,4,43,2,0,3,-1,60,0,0,0
20180706181554,80,4,43,2,0,4,-1,60,0,0,0
20180706181554,74,2,40,-1,0,5,-1,0,0,0,-1
20180706181590,85,4,33,10,0,2,-1,60,0,0,0
20180706181591,85,4,33,3,0,2,-1,60,0,0,0
20180706181655,85,4,34,1,0,3,-1,60,0,0,0
20180706181693,85,2,34,-1,0,8,-1,60,0,0,-1
20180706181699,85,4,24,10,1,5,5,0,0,0,0
20180706181720,80,4,47,5,0,2,-1,60,0,0,0
20180706181720,80,4,41,3,0,3,-1,60,0,0,0
20180706181725,85,4,34,6,0,3,-1,60,0,0,0
20180706181727,85,4,24,8,1,2,2,0,0,0,0
20180706181736,80,4,47,5,0,4,-1,60,0,0,0
20180706181787,85,4,34,5,0,3,-1,60,0,0,0
20180706181792,80,3,47,-1,0,4,-1,60,0,0,-1
20180706181841,85,4,43,5,0,2,-1,60,0,0,0
20180706181841,85,4,43,5,0,3,-1,60,0,0,0
20180706181854,74,4,43,2,0,2,-1,0,0,0,42
20180706181870,80,4,44,4,0,3,-1,60,0,0,0
20180706181870,72,4,44,4,0,4,-1,0,0,0,0
20180706181870,75,4,44,4,0,5,-1,0,0,0,0
20180706181870,76,4,44,4,0,6,-1,0,0,0,0
20180706181870,69,4,44,4,0,7,-1,0,0,0,0
20180706181879,70,1,33,-1,0,3,-1,0,0,0,-1
20180706181896,85,4,33,5,0,2,-1,60,0,0,0
20180706181936,63,4,33,10,0,6,-1,0,0,0,0
20180706181939,70,4,42,6,0,4,-1,0,0,0,0
20180706181939,63,4,39,10,0,5,-1,0,0,0,0
20180706181943,80,4,33,10,0,6,-1,60,0,0,0
20180706181976,75,2,33,-1,0,2,-1,0,0,0,-1
20180706181976,76,2,34,-1,0,3,-1,0,0,0,-1
20180706181994,85,4,20,2,1,2,2,0,0,0,42
20180706182099,80,4,33,2,0,3,-1,60,0,0,0
20180706182124,69,2,38,-1,0,3,-1,0,0,0,-1
20180706182171,85,4,33,3,0,3,-1,60,0,0,0
20180706182171,85,4,40,4,0,4,-1,60,0,0,0
20180706182192,79,2,26,-1,1,6,6,0,0,0,-1
20180706182202,79,4,33,5,0,2,-1,0,0,0,0
20180706182202,79,4,41,12,0,3,-1,0,0,0,0
20180706182206,80,3,40,-1,0,3,-1,0,0,0,-1
20180706182256,85,4,43,20,0,2,-1,60,0,0,0
20180706182264,80,4,37,10,0,3,-1,60,0,0,0
20180706182264,77,4,49,5,0,4,-1,0,0,0,0
20180706182280,85,1,56,-1,0,3,-1,0,0,0,-1
20180706182363,74,2,43,-1,0,3,-1,0,0,0,-1
20180706182409,78,2,33,-1,0,4,-1,0,0,0,-1
20180706182409,68,1,44,-1,0,5,-1,42,0,0,-1
20180706182415,85,1,56,-1,0,2,-1,60,0,0,-1
20180706182415,85,2,56,-1,0,3,-1,60,0,0,-1
20180706182440,63,1,56,-1,0,2,-1,0,0,0,-1
20180706182440,85,1,38,-1,0,3,-1,60,0,0,-1
20180706182440,65,1,56,-1,0,4,-1,0,0,0,-1
20180706182470,85,4,39,3,0,4,-1,0,0,0,0
20180706182470,70,4,43,3,0,5,-1,0,0,0,0
20180706182526,61,4,37,10,0,3,-1,0,0,0,0
20180707180040,85,3,44,-1,0,2,-1,60,0,0,-1
20180707180609,85,4,43,4,0,2,-1,60,0,0,0
20180707180609,85,4,43,6,0,3,-1,60,0,0,0
20180707180609,79,4,43,2,0,4,-1,0,0,0,0
20180707180873,85,4,39,2,0,4,-1,60,0,0,0
20180707180883,85,4,47,15,0,5,-1,0,0,0,0
20180707180948,60,2,56,-1,0,2,-1,0,0,0,-1
20180707180948,66,1,56,-1,0,3,-1,0,0,0,-1
20180707181057,80,3,38,-1,0,2,-1,60,0,0,-1
20180707181096,85,4,43,20,0,2,-1,60,0,0,0
20180707181136,85,4,33,15,0,3,-1,60,0,0,0
20180707181147,80,4,33,5,0,2,-1,60,0,0,0
20180707181247,80,4,33,2,0,3,-1,60,0,0,0
20180707181254,85,4,33,6,0,2,-1,60,0,0,0
20180707181259,80,4,37,2,0,3,-1,0,0,0,0
20180707181383,85,2,33,-1,0,5,-1,60,0,0,-1
20180707181448,63,4,44,2,0,2,-1,0,0,0,0
20180707181492,80,2,33,-1,0,2,-1,60,0,0,-1
20180707181535,85,4,33,5,0,3,-1,60,0,0,0
20180707181653,85,4,33,2,0,3,-1,60,0,0,0
20180707181673,71,4,33,5,0,6,-1,0,0,0,0
20180707181689,80,2,34,-1,0,3,-1,0,0,0,-1
20180707181702,74,2,44,-1,0,3,-1,0,0,0,-1
20180707181825,77,4,20,1,1,2,2,0,0,0,0
20180707181877,85,4,49,4,0,5,-1,60,0,0,0
20180707181926,85,1,44,-1,0,2,-1,60,0,0,-1
20180707182009,85,4,39,5,0,3,-1,60,0,0,0
20180707182125,69,4,33,3,0,5,-1,0,0,0,0
20180707182125,76,4,34,5,0,6,-1,0,0,0,0
20180707182180,59,2,35,-1,0,2,-1,0,0,0,-1
20180707182195,85,4,47,3,0,6,-1,60,0,0,0
20180707182197,85,4,39,5,0,3,-1,60,0,0,0
20180707182259,79,1,43,-1,0,2,-1,0,0,0,-1
20180707182453,80,4,42,3,0,2,-1,60,0,0,0
20180707182488,80,4,39,1,0,5,-1,60,0,0,0
20180806180114,85,1,38,-1,0,2,-1,60,0,0,-1
20180806180651,85,4,20,1,1,2,2,0,0,0,0
20180806180722,73,2,24,-1,1,4,4,0,0,0,-1
20180806180730,76,4,40,2,0,4,-1,0,0,0,0
20180806180730,72,4,39,2,0,5,-1,0,0,0,0
20180806180730,61,4,37,6,0,6,-1,0,0,0,0
20180806180902,77,3,48,-1,0,8,-1,42,0,0,-1
20180806180902,85,4,49,11,0,9,-1,60,0,0,0
20180806180933,85,4,47,5,0,4,-1,60,0,0,0
20180806181008,79,4,33,5,0,3,-1,0,0,0,0
20180806181198,85,4,34,4,0,2,-1,60,0,0,0
20180806181213,66,4,34,10,0,5,-1,0,0,0,0
20180806181253,85,4,34,10,0,3,-1,60,0,0,0
20180806181268,85,4,33,4,0,3,-1,60,0,0,0
20180806181494,78,4,56,2,0,3,-1,0,0,0,0
20180806181631,85,4,43,10,0,4,-1,60,0,0,0
20180806181631,80,4,33,2,0,5,-1,0,0,0,0
20180806181631,48,4,56,20,0,6,-1,0,0,0,0
20180806181631,61,4,20,5,1,2,2,0,0,0,0
20180806181865,62,4,25,6,1,3,3,0,0,0,0
20180806181942,74,4,33,25,0,5,-1,0,0,0,0
20180806182162,80,4,33,2,0,2,-1,60,0,0,0
20180806182262,71,1,47,-1,0,6,-1,0,0,0,-1
20180806182262,75,1,48,-1,0,7,-1,0,0,0,-1
20180806182439,85,4,24,2,1,2,2,0,0,0,0
20180807180024,79,1,33,-1,0,3,-1,0,0,0,-1
20180807180179,65,3,20,-1,1,2,2,0,0,0,-1
20180807180563,85,4,35,11,0,2,-1,60,0,0,0
20180807180603,68,4,34,3,0,3,-1,0,0,0,0
20180807180626,77,4,20,3,1,2,2,0,0,0,0
20180807180642,69,4,34,6,0,6,-1,0,0,0,0
20180807180649,80,4,33,3,0,3,-1,60,0,0,0
20180807180674,80,4,48,3,0,6,-1,60,0,0,0
20180807180715,64,2,44,-1,0,2,-1,0,0,0,-1
20180807180719,85,4,33,10,0,3,-1,60,0,0,0
20180807180732,75,1,33,-1,0,2,-1,0,0,0,-1
20180807180748,72,1,44,-1,0,2,-1,42,0,0,-1
20180807180748,67,1,44,-1,0,3,-1,42,0,0,-1
20180807180748,77,1,44,-1,0,4,-1,42,0,0,-1
20180807180758,80,4,20,2,1,2,2,0,0,0,0
20180807180837,62,4,39,15,0,4,-1,0,0,0,0
20180807180837,62,4,44,4,0,5,-1,0,0,0,0
20180807180850,85,4,34,5,0,3,-1,60,0,0,0
20180807180872,85,4,56,4,0,2,-1,0,0,0,0
20180807180882,68,1,33,-1,0,3,-1,0,0,0,-1
20180807180893,64,4,33,2,0,4,-1,0,0,0,0
20180807180893,69,4,34,2,0,5,-1,0,0,0,0
20180807180928,80,4,33,10,0,2,-1,60,0,0,0
20180807180935,85,4,33,5,0,3,-1,60,0,0,0
20180807180935,62,4,37,9,0,4,-1,0,0,0,0
20180807180935,85,4,24,9,1,2,2,0,0,0,0
20180807180937,64,3,47,-1,0,7,-1,0,0,0,-1
20180807180958,80,1,39,-1,0,3,-1,60,0,0,-1
20180807181060,78,3,56,-1,0,2,-1,0,0,0,-1
20180807181111,75,3,44,-1,0,2,-1,0,0,0,-1
20180807181132,85,4,33,3,0,3,-1,60,0,0,0
20180807181132,62,4,37,3,0,4,-1,0,0,0,0
20180807181132,56,4,38,3,0,5,-1,0,0,0,0
20180807181137,62,4,20,23,1,2,2,0,0,0,0
20180807181152,85,3,39,-1,0,3,-1,60,0,0,-1
20180807181181,80,4,39,2,0,3,-1,60,0,0,0
20180807181181,80,4,40,2,0,4,-1,60,0,0,0
20180807181188,64,1,47,-1,0,4,-1,43,0,0,-1
20180807181209,80,4,56,1,0,2,-1,0,0,0,0
20180807181209,80,4,56,1,0,3,-1,60,0,0,0
20180807181209,80,4,56,1,0,4,-1,60,0,0,0
20180807181209,80,4,56,1,0,5,-1,60,0,0,0
20180807181209,80,4,56,1,0,6,-1,0,0,0,0
20180807181219,85,4,47,15,0,5,-1,60,0,0,0
20180807181225,75,4,20,3,1,2,2,0,0,0,0
20180807181301,69,2,43,-1,0,2,-1,0,0,0,-1
20180807181307,68,1,49,-1,0,5,-1,0,0,0,-1
20180807181329,70,4,43,2,0,9,-1,42,0,0,0
20180807181329,75,2,39,-1,0,10,-1,42,0,0,-1
20180807181336,65,1,33,-1,0,5,-1,0,0,0,-1
20180807181336,69,1,34,-1,0,6,-1,0,0,0,-1
20180807181341,71,4,33,20,0,3,-1,0,0,0,0
20180807181364,85,4,24,5,1,3,3,60,0,0,0
20180807181364,80,4,24,5,1,4,4,60,0,0,0
20180807181415,85,4,39,2,0,3,-1,60,0,0,0
20180807181438,53,4,43,2,0,4,-1,0,0,0,0
20180807181438,79,3,43,-1,0,5,-1,0,0,0,-1
20180807181457,62,3,33,-1,0,3,-1,0,0,0,-1
20180807181457,65,3,34,-1,0,4,-1,0,0,0,-1
20180807181493,72,2,40,-1,0,5,-1,0,0,0,-1
20180807181504,85,4,47,30,0,2,-1,60,0,0,0
20180807181504,85,4,48,30,0,3,-1,60,0,0,0
20180807181509,80,4,44,2,0,2,-1,60,0,0,0
20180807181519,64,3,33,-1,0,3,-1,0,0,0,-1
20180807181607,85,4,47,3,0,3,-1,60,0,0,0
20180807181650,56,4,33,6,0,2,-1,0,0,0,0
20180807181670,71,4,33,2,0,4,-1,0,0,0,0
20180807181670,74,4,34,3,0,5,-1,0,0,0,0
20180807181681,85,2,44,-1,0,2,-1,60,0,0,-1
20180807181681,80,4,43,1,0,3,-1,0,0,0,0
20180807181713,85,4,44,11,0,3,-1,60,0,0,0
20180807181739,61,4,41,10,0,4,-1,0,0,0,0
20180807181760,85,4,43,7,0,7,-1,60,0,0,0
20180807181760,85,4,43,7,0,8,-1,61,0,0,0
20180807181799,85,4,34,5,0,2,-1,60,0,0,0
20180807181809,73,1,44,-1,0,3,-1,42,0,0,-1
20180807181809,75,1,44,-1,0,4,-1,42,0,0,-1
20180807181811,85,4,34,2,0,3,-1,60,0,0,0
20180807181811,85,4,33,2,0,4,-1,0,0,0,0
20180807181821,75,4,44,15,0,3,-1,0,0,0,0
20180807181821,72,4,44,15,0,4,-1,0,0,0,0
20180807181864,80,3,20,-1,1,2,2,0,0,0,-1
20180807181879,80,4,24,2,1,2,2,0,0,0,0
20180807181879,79,4,24,4,1,3,3,0,0,0,0
20180807181911,69,1,20,-1,1,2,2,0,0,0,-1
20180807181936,75,4,20,1,1,2,2,0,0,0,0
20180807181938,73,4,24,5,1,3,3,0,0,0,0
20180807181948,80,2,33,-1,0,3,-1,60,0,0,-1
20180807181948,85,2,34,-1,0,4,-1,60,0,0,-1
20180807181954,80,4,33,6,0,5,-1,60,0,0,0
20180807181954,85,4,34,6,0,6,-1,60,0,0,0
20180807181969,75,1,44,-1,0,7,-1,0,0,0,-1
20180807182079,80,4,47,2,0,6,-1,60,0,0,0
20180807182079,80,4,48,2,0,7,-1,60,0,0,0
20180807182093,80,4,33,20,0,8,-1,0,0,0,0
20180807182101,72,1,41,-1,0,9,-1,0,0,0,-1
20180807182123,76,4,39,8,0,6,-1,0,0,0,0
20180807182126,85,1,34,-1,0,6,-1,60,0,0,-1
20180807182179,77,4,24,10,1,2,2,0,0,0,0
20180807182190,71,4,20,3,1,2,2,0,0,0,0
20180807182290,79,3,33,-1,0,2,-1,0,0,0,-1
20180807182296,70,4,20,2,1,2,2,0,0,0,0
20180807182323,80,1,47,-1,0,5,-1,60,0,0,-1
20180807182339,70,4,33,7,0,4,-1,0,0,0,0
20180807182339,76,4,34,7,0,5,-1,0,0,0,0
20180807182340,75,1,44,-1,0,2,-1,0,0,0,-1
20180807182340,85,3,44,-1,0,3,-1,60,0,0,-1
20180807182346,85,4,33,2,0,2,-1,0,0,0,0
20180807182377,70,1,44,-1,0,3,-1,0,0,0,-1
20180807182413,73,4,33,2,0,2,-1,0,0,0,0
20180807182445,62,3,20,-1,1,2,2,0,0,0,-1
20180807182485,68,3,34,-1,0,5,-1,0,0,0,-1
20180807182491,85,1,43,-1,0,5,-1,60,0,0,-1
20180807182491,80,1,43,-1,0,6,-1,60,0,0,-1
20180808180756,79,1,47,-1,0,8,-1,0,0,0,-1
20180808180834,73,2,24,-1,1,4,4,0,0,0,-1
20180808180845,67,4,41,2,0,8,-1,0,0,0,0
20180808180845,71,4,42,2,0,9,-1,0,0,0,0
20180808180857,80,4,34,30,0,2,-1,60,0,0,0
20180808180884,67,2,34,-1,0,2,-1,0,0,0,-1
20180808180944,80,2,33,-1,0,3,-1,0,0,0,-1
20180808181241,85,4,34,2,0,4,-1,60,0,0,0
20180808181299,68,2,34,-1,0,2,-1,0,0,0,-1
20180808181299,78,4,47,2,0,3,-1,42,0,0,0
20180808181337,80,4,43,2,0,2,-1,0,0,0,0
20180808181337,65,3,43,-1,0,3,-1,0,0,0,-1
20180808181337,70,1,43,-1,0,4,-1,0,0,0,-1
20180808181337,72,2,43,-1,0,5,-1,0,0,0,-1
20180808181370,69,4,33,2,0,2,-1,0,0,0,0
20180808181374,85,4,34,3,0,4,-1,0,0,0,0
20180808181465,85,4,43,2,0,2,-1,60,0,0,0
20180808181465,80,4,43,4,0,3,-1,60,0,0,0
20180808181559,85,4,47,15,0,5,-1,60,0,0,0
20180808181606,85,4,33,5,0,2,-1,60,0,0,0
20180808181647,58,4,37,10,0,4,-1,0,0,0,0
20180808181647,56,3,44,-1,0,5,-1,0,0,0,-1
20180808181647,76,1,44,-1,0,6,-1,0,0,0,-1
20180907180502,56,4,33,10,0,5,-1,0,0,0,0
20180907180951,85,1,20,-1,1,2,2,0,0,0,-1
20180907180972,66,4,39,2,0,3,-1,0,0,0,0
20180907181190,80,4,33,5,0,2,-1,60,0,0,0
20180907181205,85,3,26,-1,1,2,2,0,0,0,-1
20180907181215,70,3,43,-1,0,5,-1,0,0,0,-1
20180907181362,85,4,20,8,1,2,2,0,0,0,0
20180907181543,85,3,34,-1,0,3,-1,60,0,0,-1
20180907181578,85,4,43,5,0,5,-1,60,0,0,0
20180907181722,85,4,47,2,0,4,-1,60,0,0,0
20180907181762,80,3,48,-1,0,4,-1,0,0,0,-1
20180907181762,50,4,56,8,0,5,-1,0,0,0,0
20180907182412,85,4,33,1,0,2,-1,60,0,0,0
20180907182510,76,4,40,2,0,5,-1,0,0,0,0
20180908180063,51,4,30,1,1,2,2,0,0,0,0
20180908180076,85,4,24,11,1,4,4,0,0,0,0
20180908180149,59,2,20,-1,1,2,2,0,0,0,-1
20180908180516,80,3,33,-1,0,5,-1,60,0,0,-1
20180908180516,77,1,39,-1,0,6,-1,0,0,0,-1
20180908180516,80,1,40,-1,0,7,-1,0,0,0,-1
20180908180530,80,3,33,-1,0,2,-1,0,0,0,-1
20180908180545,61,3,37,-1,0,3,-1,0,0,0,-1
20180908180546,76,4,33,5,0,7,-1,0,0,0,0
20180908180546,66,4,39,2,0,8,-1,0,0,0,0
20180908180548,77,1,49,-1,0,6,-1,0,0,0,-1
20180908180557,85,4,20,2,1,2,2,0,0,0,0
20180908180559,80,1,41,-1,0,2,-1,60,0,0,-1
20180908180579,76,3,39,-1,0,5,-1,0,0,0,-1
20180908180579,76,3,40,-1,0,6,-1,0,0,0,-1
20180908180624,71,2,33,-1,0,5,-1,0,0,0,-1
20180908180634,65,2,44,-1,0,2,-1,0,0,0,-1
20180908180634,65,2,43,-1,0,3,-1,0,0,0,-1
20180908180634,73,1,33,-1,0,4,-1,0,0,0,-1
20180908180650,85,4,39,2,0,5,-1,60,0,0,0
20180908180663,80,4,40,9,0,4,-1,60,0,0,0
20180908180663,85,4,56,6,0,5,-1,60,0,0,0
20180908180670,80,4,43,2,0,2,-1,60,0,0,0
20180908180670,73,1,43,-1,0,3,-1,0,0,0,-1
20180908180731,85,1,47,-1,0,4,-1,60,0,0,-1
20180908180734,85,4,33,3,0,2,-1,0,0,0,0
20180908180737,80,2,43,-1,0,2,-1,60,0,0,-1
20180908180813,60,3,43,-1,0,4,-1,0,0,0,-1
20180908180866,75,4,20,1,1,2,2,0,0,0,0
20180908180890,71,4,20,2,1,2,2,0,0,0,0
20180908180909,55,4,24,3,1,2,2,0,0,0,0
20180908180943,77,4,34,5,0,6,-1,0,0,0,0
20180908180954,80,1,43,-1,0,3,-1,0,0,0,-1
20180908180954,70,1,44,-1,0,4,-1,0,0,0,-1
20180908180986,80,4,33,5,0,4,-1,0,0,0,0
20180908180991,77,4,33,5,0,5,-1,0,0,0,0
20180908181011,68,4,26,2,1,2,2,0,0,0,0
20180908181047,85,4,33,2,0,3,-1,60,0,0,0
20180908181069,85,4,39,2,0,3,-1,60,0,0,0
20180908181075,80,4,24,9,1,2,2,0,0,0,0
20180908181134,59,4,49,55,0,2,-1,0,0,0,0
20180908181134,8,4,49,8,0,3,-1,0,0,0,0
20180908181134,52,4,49,8,0,4,-1,0,0,0,0
20180908181145,85,2,33,-1,0,3,-1,60,0,0,-1
20180908181179,85,4,33,20,0,2,-1,60,0,0,0
20180908181179,25,4,49,10,0,3,-1,0,0,0,0
20180908181203,65,4,33,4,0,6,-1,0,0,0,0
20180908181203,38,4,56,3,0,7,-1,0,0,0,0
20180908181265,80,1,33,-1,0,2,-1,60,0,0,-1
20180908181281,66,4,47,5,0,6,-1,0,0,0,0
20180908181303,39,3,24,-1,1,2,2,0,0,0,-1
20180908181373,85,4,33,6,0,6,-1,61,0,0,0
20180908181373,85,4,34,6,0,7,-1,60,0,0,0
20180908181375,85,2,48,-1,0,6,-1,60,0,0,-1
20180908181381,85,4,42,2,0,2,-1,60,0,0,0
20180908181438,72,3,33,-1,0,4,-1,0,0,0,-1
20180908181463,80,1,56,-1,0,3,-1,60,0,0,-1
20180908181488,85,4,47,5,0,5,-1,60,0,0,0
20180908181525,75,4,33,5,0,3,-1,0,0,0,0
20180908181525,85,4,34,10,0,4,-1,60,0,0,0
20180908181526,80,4,44,3,0,2,-1,0,0,0,42
20180908181529,85,4,39,3,0,3,-1,60,0,0,0
20180908181536,80,4,48,5,0,2,-1,60,0,0,0
20180908181536,76,4,47,5,0,3,-1,0,0,0,0
20180908181549,77,4,43,10,0,2,-1,0,0,0,0
20180908181586,80,4,47,10,0,5,-1,60,0,0,0
20180908181595,85,4,33,4,0,2,-1,60,0,0,0
20180908181595,85,4,42,7,0,3,-1,60,0,0,0
20180908181603,52,4,33,7,0,5,-1,0,0,0,0
20180908181641,85,4,33,5,0,4,-1,60,0,0,0
20180908181642,75,2,33,-1,0,2,-1,0,0,0,-1
20180908181642,77,2,34,-1,0,3,-1,0,0,0,-1
20180908181664,74,4,33,5,0,5,-1,0,0,0,0
20180908181664,67,4,40,2,0,6,-1,0,0,0,0
20180908181671,75,4,35,12,0,2,-1,0,0,0,0
20180908181695,85,4,33,5,0,8,-1,60,0,0,0
20180908181704,78,4,40,2,0,3,-1,0,0,0,0
20180908181753,53,1,56,-1,0,2,-1,0,0,0,-1
20180908181771,85,4,34,4,0,3,-1,60,0,0,0
20180908181784,74,1,39,-1,0,3,-1,0,0,0,-1
20180908181792,75,2,43,-1,0,2,-1,0,0,0,-1
20180908181792,80,1,44,-1,0,3,-1,0,0,0,-1
20180908181810,85,4,44,7,0,2,-1,60,0,0,0
20180908181835,85,1,34,-1,0,2,-1,60,0,0,-1
20180908181835,85,1,33,-1,0,3,-1,60,0,0,-1
20180908181871,77,2,26,-1,1,3,3,0,0,0,-1
20180908181913,85,4,20,2,1,2,2,0,0,0,0
20180908181923,67,4,33,10,0,5,-1,0,0,0,0
20180908181923,74,4,34,15,0,6,-1,0,0,0,0
20180908181936,71,4,33,14,0,5,-1,0,0,0,0
20180908181936,77,4,34,14,0,6,-1,0,0,0,0
20180908181962,85,4,48,3,0,3,-1,60,0,0,0
20180908181972,80,4,44,6,0,2,-1,0,0,0,0
20180908181986,77,4,33,2,0,3,-1,0,0,0,0
20180908181986,77,4,34,2,0,4,-1,0,0,0,0
20180908182001,85,4,33,3,0,2,-1,60,0,0,0
20180908182009,85,4,47,5,0,5,-1,60,0,0,0
20180908182013,71,4,20,4,1,2,2,0,0,0,0
20180908182052,77,4,33,12,0,8,-1,0,0,0,0
20180908182082,85,4,43,4,0,2,-1,60,0,0,0
20180908182096,65,3,56,-1,0,4,-1,0,0,0,-1
20180908182109,85,3,26,-1,1,5,5,0,0,0,-1
20180908182154,54,4,43,8,0,2,-1,0,0,0,0
20180908182207,77,4,39,5,0,3,-1,0,0,0,0
20180908182233,65,4,44,2,0,2,-1,0,0,0,0
20180908182242,71,1,43,-1,0,3,-1,0,0,0,-1
20180908182242,71,1,20,-1,1,2,2,0,0,0,-1
20180908182273,70,3,48,-1,0,2,-1,0,0,0,-1
20180908182298,77,2,34,-1,0,2,-1,0,0,0,-1
20180908182306,80,3,48,-1,0,5,-1,60,0,0,-1
20180908182383,76,3,33,-1,0,2,-1,0,0,0,-1
20180908182383,79,2,34,-1,0,3,-1,0,0,0,-1
20180908182402,57,4,40,4,0,3,-1,0,0,0,0
20180908182402,78,2,47,-1,0,4,-1,0,0,0,-1
20180908182402,80,1,49,-1,0,5,-1,60,0,0,-1
20180908182435,80,1,33,-1,0,3,-1,60,0,0,-1
20180908182435,85,1,34,-1,0,4,-1,60,0,0,-1
20180908182437,85,4,33,3,0,4,-1,60,0,0,0
20180908182437,85,4,34,3,0,5,-1,60,0,0,0
20180908182444,85,4,24,25,1,2,2,0,0,0,0
20180908182453,80,4,24,4,1,2,2,0,0,0,0
20180908182476,70,2,37,-1,0,3,-1,0,0,0,-1
20180908182479,85,4,43,3,0,2,-1,60,0,0,0
20180908182479,85,3,43,-1,0,3,-1,60,0,0,-1
20180908182492,80,3,34,-1,0,6,-1,60,0,0,-1
20180908182512,80,3,44,-1,0,2,-1,60,0,0,-1
20180909180076,80,4,47,3,0,2,-1,60,0,0,0
20180909180076,85,4,48,3,0,3,-1,60,0,0,0
20180909180536,59,2,34,-1,0,4,-1,0,0,0,-1
20180909180626,66,4,33,20,0,3,-1,0,0,0,0
20180909180630,67,1,33,-1,0,2,-1,0,0,0,-1
20180909180630,69,3,34,-1,0,3,-1,0,0,0,-1
20180909180817,85,4,24,10,1,2,2,60,0,0,0
20180909180821,85,4,33,2,0,3,-1,60,0,0,0
20180909180821,85,3,34,-1,0,4,-1,60,0,0,-1
20180909180988,74,1,34,-1,0,4,-1,0,0,0,-1
20180909181012,85,4,20,62,1,2,2,0,0,0,0
20180909181072,85,4,24,2,1,2,2,0,0,0,0
20180909181129,85,1,33,-1,0,3,-1,0,0,0,-1
20180909181129,85,3,34,-1,0,4,-1,60,0,0,-1
20180909181267,85,4,33,10,0,5,-1,60,0,0,0
20180909181267,85,4,34,10,0,6,-1,60,0,0,0
20180909181267,75,4,39,10,0,7,-1,0,0,0,0
20180909181315,55,1,56,-1,0,3,-1,0,0,0,-1
20180909181320,78,1,48,-1,0,5,-1,0,0,0,-1
20180909181325,71,4,33,8,0,2,-1,0,0,0,0
20180909181325,74,3,56,-1,0,3,-1,0,0,0,-1
20180909181368,85,4,43,3,0,2,-1,60,0,0,0
20180909181368,85,4,43,30,0,3,-1,60,0,0,0
20180909181369,80,4,49,2,0,5,-1,60,0,0,0
20180909181369,85,4,48,4,0,6,-1,60,0,0,0
20180909181501,80,1,43,-1,0,3,-1,0,0,0,-1
20180909181516,85,4,43,4,0,3,-1,60,0,0,0
20180909181516,70,3,43,-1,0,4,-1,0,0,0,-1
20180909181516,77,4,43,2,0,5,-1,0,0,0,0
20180909181516,45,4,49,7,0,6,-1,0,0,0,0
20180909181554,67,4,33,5,0,4,-1,0,0,0,0
20180909181554,66,4,34,5,0,5,-1,0,0,0,0
20180909181673,85,4,33,9,0,3,-1,0,0,0,0
20180909181692,85,4,34,10,0,3,-1,60,0,0,0
20180909181792,75,1,43,-1,0,2,-1,0,0,0,-1
20180909181824,85,1,34,-1,0,3,-1,60,0,0,-1
20180909181949,85,4,44,2,0,3,-1,60,0,0,0
20180909182015,80,3,33,-1,0,3,-1,60,0,0,-1
20180909182015,85,1,39,-1,0,4,-1,60,0,0,-1
20180909182119,80,4,41,5,0,6,-1,60,0,0,0
20180909182119,72,4,44,8,0,7,-1,0,0,0,0
20180909182149,80,1,43,-1,0,2,-1,60,0,0,-1
20180909182149,85,1,43,-1,0,3,-1,0,0,0,-1
20180909182188,85,4,41,2,0,3,-1,60,0,0,0
20180909182440,85,3,33,-1,0,3,-1,60,0,0,-1
20181008180077,85,4,47,11,0,3,-1,0,0,0,0
20181008180077,65,4,47,3,0,4,-1,0,0,0,0
20181008180631,85,4,33,10,0,3,-1,60,0,0,0
20181008180672,80,4,47,5,0,5,-1,0,0,0,0
20181008180672,80,4,48,2,0,6,-1,60,0,0,0
20181008181427,62,1,43,-1,0,2,-1,0,0,0,-1
20181008181517,66,4,48,4,0,5,-1,0,0,0,0
20181008181580,85,4,33,4,0,2,-1,60,0,0,0
20181008181580,85,4,34,4,0,3,-1,60,0,0,0
20181008181762,80,2,47,-1,0,5,-1,60,0,0,-1
20181008181762,85,4,48,5,0,6,-1,60,0,0,0
20181008181800,85,4,33,3,0,3,-1,60,0,0,0
20181008181976,85,4,34,15,0,3,-1,60,0,0,0
20181008182008,77,4,48,3,0,3,-1,0,0,0,0
20181008182117,67,4,20,3,1,2,2,0,0,0,0
20181008182440,85,3,48,-1,0,5,-1,60,0,0,-1
20181009180014,85,4,33,9,0,2,-1,60,0,0,0
20181009180047,57,2,47,-1,0,4,-1,0,0,0,-1
20181009180173,78,3,47,-1,0,5,-1,0,0,0,-1
20181009180511,62,4,33,5,0,2,-1,0,0,0,0
20181009180511,68,4,34,5,0,3,-1,0,0,0,0
20181009180527,71,4,20,6,1,2,2,0,0,0,0
20181009180558,80,4,44,6,0,3,-1,60,0,0,0
20181009180653,85,4,41,1,0,2,-1,60,0,0,0
20181009180746,85,4,47,5,0,6,-1,60,0,0,0
20181009180838,80,4,43,13,0,3,-1,0,0,0,0
20181009180838,79,4,43,13,0,4,-1,0,0,0,0
20181009180838,80,4,43,13,0,5,-1,60,0,0,0
20181009180841,85,1,24,-1,1,2,2,0,0,0,-1
20181009180915,78,4,43,5,0,3,-1,0,0,0,0
20181009180928,79,1,43,-1,0,2,-1,0,0,0,-1
20181009180973,85,4,39,3,0,3,-1,60,0,0,0
20181009180983,73,3,40,-1,0,5,-1,0,0,0,-1
20181009180997,69,1,43,-1,0,6,-1,0,0,0,-1
20181009181028,61,1,20,-1,1,2,2,0,0,0,-1
20181009181068,79,4,33,4,0,5,-1,0,0,0,0
20181009181117,80,4,24,3,1,2,2,0,0,0,0
20181009181118,85,4,44,20,0,2,-1,60,0,0,0
20181009181119,59,2,33,-1,0,7,-1,0,0,0,-1
20181009181147,80,4,34,6,0,4,-1,60,0,0,0
20181009181153,80,4,47,3,0,8,-1,60,0,0,0
20181009181169,80,4,43,2,0,3,-1,60,0,0,0
20181009181169,77,3,43,-1,0,4,-1,0,0,0,-1
20181009181169,78,4,43,3,0,5,-1,0,0,0,0
20181009181256,64,4,33,10,0,5,-1,0,0,0,0
20181009181256,70,4,34,10,0,6,-1,0,0,0,0
20181009181260,85,4,49,3,0,5,-1,0,0,0,0
20181009181306,64,1,39,-1,0,6,-1,0,0,0,-1
20181009181335,77,3,43,-1,0,3,-1,0,0,0,-1
20181009181335,85,2,43,-1,0,4,-1,60,0,0,-1
20181009181335,80,3,43,-1,0,5,-1,60,0,0,-1
20181009181335,85,4,39,5,0,6,-1,60,0,0,0
20181009181526,64,1,39,-1,0,3,-1,0,0,0,-1
20181009181548,70,3,33,-1,0,6,-1,0,0,0,-1
20181009181611,68,4,56,15,0,3,-1,0,0,0,0
20181009181611,72,3,56,-1,0,4,-1,0,0,0,-1
20181009181611,85,4,56,2,0,5,-1,60,0,0,0
20181009181611,85,4,56,2,0,6,-1,0,0,0,0
20181009181611,74,2,56,-1,0,7,-1,0,0,0,-1
20181009181628,78,4,47,1,0,4,-1,0,0,0,0
20181009181628,55,4,34,5,0,5,-1,0,0,0,0
20181009181629,76,4,33,5,0,3,-1,0,0,0,0
20181009181629,75,4,34,5,0,4,-1,0,0,0,0
20181009181629,77,4,39,5,0,5,-1,0,0,0,0
20181009181629,77,4,40,5,0,6,-1,0,0,0,0
20181009181681,80,4,33,2,0,2,-1,60,0,0,0
20181009181740,80,3,47,-1,0,3,-1,0,0,0,-1
20181009181740,76,3,56,-1,0,4,-1,0,0,0,-1
20181009181755,77,4,24,4,1,3,3,0,0,0,0
20181009181770,73,4,33,3,0,2,-1,0,0,0,0
20181009181770,75,4,34,3,0,3,-1,0,0,0,0
20181009181837,85,4,44,3,0,3,-1,60,0,0,0
20181009181860,71,3,33,-1,0,3,-1,0,0,0,-1
20181009181860,76,4,34,3,0,4,-1,0,0,0,0
20181009181871,74,3,38,-1,0,4,-1,0,0,0,-1
20181009181892,80,4,33,3,0,2,-1,60,0,0,0
20181009181898,69,1,20,-1,1,2,2,0,0,0,-1
20181009181908,85,4,43,7,0,3,-1,60,0,0,0
20181009181920,80,3,44,-1,0,3,-1,60,0,0,-1
20181009181920,80,2,44,-1,0,4,-1,60,0,0,-1
20181009181920,67,1,44,-1,0,5,-1,0,0,0,-1
20181009181920,85,4,44,2,0,6,-1,0,0,0,0
20181009181920,80,2,44,-1,0,7,-1,60,0,0,-1
20181009181922,63,4,33,2,0,4,-1,0,0,0,0
20181009181922,85,3,48,-1,0,5,-1,60,0,0,-1
20181009181944,85,4,33,2,0,3,-1,60,0,0,0
20181009181962,85,4,44,10,0,4,-1,60,0,0,0
20181009181978,76,1,41,-1,0,3,-1,0,0,0,-1
20181009181979,80,4,24,4,1,2,2,0,0,0,0
20181009181979,56,4,20,6,1,3,3,0,0,0,0
20181009182000,85,4,39,3,0,4,-1,60,0,0,0
20181009182031,85,4,44,5,0,2,-1,60,0,0,0
20181009182034,75,3,37,-1,0,2,-1,0,0,0,-1
20181009182039,85,4,33,14,0,3,-1,0,0,0,0
20181009182040,85,4,43,8,0,3,-1,61,0,0,0
20181009182040,72,4,43,8,0,4,-1,42,0,0,0
20181009182040,80,4,43,8,0,5,-1,61,0,0,0
20181009182074,80,1,33,-1,0,3,-1,60,0,0,-1
20181009182074,80,2,34,-1,0,4,-1,60,0,0,-1
20181009182091,79,4,44,2,0,4,-1,0,0,0,0
20181009182091,70,4,44,2,0,5,-1,0,0,0,0
20181009182099,70,2,33,-1,0,3,-1,0,0,0,-1
20181009182099,73,2,34,-1,0,4,-1,0,0,0,-1
20181009182103,79,4,34,20,0,4,-1,0,0,0,0
20181009182103,74,4,39,10,0,5,-1,0,0,0,0
20181009182107,85,3,33,-1,0,3,-1,60,0,0,-1
20181009182109,79,4,33,10,0,3,-1,0,0,0,0
20181009182109,73,4,24,5,1,2,2,0,0,0,0
20181009182131,78,4,44,3,0,4,-1,0,0,0,0
20181009182176,85,4,44,5,0,3,-1,61,0,0,0
20181009182176,75,4,44,2,0,4,-1,42,0,0,0
20181009182183,75,4,33,10,0,2,-1,0,0,0,0
20181009182183,75,4,43,3,0,3,-1,0,0,0,0
20181009182183,80,4,41,5,0,4,-1,60,0,0,0
20181009182204,80,4,43,4,0,2,-1,60,0,0,0
20181009182204,80,4,43,2,0,3,-1,60,0,0,0
20181009182207,80,4,44,10,0,2,-1,0,0,0,0
20181009182207,80,4,44,10,0,3,-1,0,0,0,0
20181009182216,78,4,33,6,0,4,-1,0,0,0,0
20181009182216,79,4,56,2,0,5,-1,0,0,0,0
20181009182216,60,4,38,2,0,6,-1,0,0,0,0
20181009182216,59,4,56,5,0,7,-1,0,0,0,0
20181009182216,67,4,56,2,0,8,-1,0,0,0,0
20181009182232,85,4,49,8,0,5,-1,0,0,0,0
20181009182237,75,4,33,15,0,2,-1,0,0,0,0
20181009182288,60,3,44,-1,0,6,-1,0,0,0,-1
20181009182296,75,3,43,-1,0,3,-1,0,0,0,-1
20181009182296,76,3,43,-1,0,4,-1,0,0,0,-1
20181009182303,77,4,24,10,1,2,2,0,0,0,0
20181009182311,78,4,43,2,0,5,-1,0,0,0,0
20181009182311,78,2,43,-1,0,6,-1,0,0,0,-1
20181009182334,85,4,24,12,1,2,2,0,0,0,0
20181009182416,85,4,43,10,0,2,-1,60,0,0,0
20181009182429,60,4,33,5,0,3,-1,0,0,0,0
20181009182429,62,4,34,5,0,4,-1,0,0,0,0
20181009182438,80,3,39,-1,0,4,-1,60,0,0,-1
20181009182442,72,4,33,8,0,3,-1,0,0,0,0
20181009182442,77,4,34,15,0,4,-1,0,0,0,0
20181009182457,72,4,38,14,0,2,-1,0,0,0,0
20181009182471,80,4,33,11,0,2,-1,60,0,0,0
20181010180088,80,4,20,3,1,2,2,0,0,0,0
20181010180097,80,4,33,5,0,3,-1,60,0,0,0
20181010180615,65,1,44,-1,0,2,-1,0,0,0,-1
20181010180615,59,1,44,-1,0,3,-1,0,0,0,-1
20181010180618,85,4,33,5,0,2,-1,60,0,0,0
20181010180727,74,1,39,-1,0,5,-1,0,0,0,-1
20181010180727,72,4,33,3,0,6,-1,0,0,0,0
20181010180793,69,1,34,-1,0,3,-1,0,0,0,-1
20181010180799,64,4,20,14,1,2,2,0,0,0,0
20181010180831,85,4,47,6,0,3,-1,60,0,0,0
20181010180849,85,4,56,4,0,3,-1,0,0,0,0
20181010180849,85,4,56,5,0,4,-1,60,0,0,0
20181010180849,85,4,56,2,0,5,-1,60,0,0,0
20181010180849,85,4,56,5,0,6,-1,60,0,0,0
20181010180884,85,2,41,-1,0,3,-1,60,0,0,-1
20181010180884,72,3,43,-1,0,4,-1,0,0,0,-1
20181010180923,85,4,33,20,0,2,-1,0,0,0,0
20181010181145,69,4,20,11,1,2,2,0,0,0,0
20181010181237,80,3,25,-1,1,2,2,0,0,0,-1
20181010181389,80,4,33,2,0,3,-1,60,0,0,0
20181010181389,80,4,34,2,0,4,-1,60,0,0,0
20181010181484,85,4,39,2,0,5,-1,0,0,0,0
20181010181504,77,2,33,-1,0,2,-1,0,0,0,-1
20181010181551,74,4,33,23,0,7,-1,0,0,0,0
20181010181634,85,4,33,4,0,3,-1,60,0,0,0
20181010181634,85,4,34,1,0,4,-1,60,0,0,0
20181010181681,85,3,34,-1,0,2,-1,60,0,0,-1
20181010181759,75,4,33,2,0,4,-1,0,0,0,0
20181010181759,74,2,34,-1,0,5,-1,0,0,0,-1
20181010181764,85,4,39,2,0,4,-1,60,0,0,0
20181010181764,85,2,56,-1,0,5,-1,0,0,0,-1
20181010182107,85,3,43,-1,0,2,-1,60,0,0,-1
20181010182107,77,3,43,-1,0,3,-1,0,0,0,-1
20181010182232,85,4,26,3,1,3,3,0,0,0,0
20181010182273,85,4,34,2,0,6,-1,60,0,0,0
20181010182391,80,4,33,4,0,2,-1,60,0,0,0
20181010182391,80,4,34,4,0,3,-1,60,0,0,0
20181010182463,53,1,33,-1,0,6,-1,0,0,0,-1
20181109180700,85,2,34,-1,0,3,-1,60,0,0,-1
20181109180963,80,3,47,-1,0,4,-1,60,0,0,-1
20181109181018,79,4,26,4,1,7,7,0,0,0,0
20181109181116,69,3,34,-1,0,5,-1,0,0,0,-1
20181109181190,85,4,44,5,0,5,-1,60,0,0,0
20181109181190,85,4,44,5,0,6,-1,0,0,0,0
20181109181259,72,4,33,3,0,4,-1,0,0,0,0
20181109181259,76,4,41,3,0,5,-1,0,0,0,0
20181109181308,80,4,47,2,0,5,-1,60,0,0,0
20181109181336,78,1,39,-1,0,4,-1,0,0,0,-1
20181109181346,85,4,33,6,0,4,-1,60,0,0,0
20181109181351,71,4,33,4,0,5,-1,0,0,0,0
20181109181392,70,4,20,15,1,2,2,0,0,0,0
20181109181496,85,1,34,-1,0,2,-1,60,0,0,-1
20181109181500,75,1,34,-1,0,2,-1,0,0,0,-1
20181109181500,75,1,33,-1,0,3,-1,0,0,0,-1
20181109181690,85,2,47,-1,0,6,-1,60,0,0,-1
20181109181694,65,4,47,10,0,5,-1,0,0,0,0
20181109181694,70,4,48,10,0,6,-1,0,0,0,0
20181109181716,85,1,42,-1,0,2,-1,60,0,0,-1
20181109181913,85,4,47,3,0,3,-1,60,0,0,0
20181109181941,85,1,39,-1,0,7,-1,60,0,0,-1
20181109181941,85,1,40,-1,0,8,-1,60,0,0,-1
20181109181975,74,1,40,-1,0,7,-1,0,0,0,-1
20181109182094,78,4,33,4,0,5,-1,0,0,0,0
20181109182094,80,4,34,4,0,6,-1,60,0,0,0
20181109182181,76,1,34,-1,0,6,-1,0,0,0,-1
20181109182197,80,4,24,2,1,2,2,60,0,0,0
20181109182202,70,4,49,3,0,2,-1,0,0,0,0
20181109182305,85,3,43,-1,0,3,-1,60,0,0,-1
20181109182305,85,3,43,-1,0,4,-1,60,0,0,-1
20181110180035,68,3,47,-1,0,3,-1,0,0,0,-1
20181110180086,85,1,39,-1,0,3,-1,60,0,0,-1
20181110180115,85,1,34,-1,0,6,-1,61,0,42,-1
20181110180117,85,4,33,5,0,2,-1,60,0,0,0
20181110180120,80,4,33,4,0,7,-1,60,0,0,0
20181110180125,80,3,33,-1,0,3,-1,60,42,0,-1
20181110180536,64,4,33,10,0,3,-1,0,0,0,0
20181110180536,67,4,56,10,0,4,-1,0,0,0,0
20181110180564,80,4,33,2,0,2,-1,60,0,0,0
20181110180569,80,4,20,5,1,2,2,0,0,0,0
20181110180638,80,1,47,-1,0,4,-1,60,0,0,-1
20181110180657,85,4,33,5,0,3,-1,0,0,0,0
20181110180678,85,1,47,-1,0,5,-1,0,0,0,-1
20181110180712,67,1,56,-1,0,2,-1,0,0,0,-1
20181110180755,85,1,39,-1,0,3,-1,60,0,0,-1
20181110180774,80,1,44,-1,0,3,-1,0,0,0,-1
20181110180774,62,1,44,-1,0,4,-1,0,0,0,-1
20181110180774,80,3,56,-1,0,5,-1,60,0,0,-1
20181110180774,68,1,56,-1,0,6,-1,0,0,0,-1
20181110180774,48,3,56,-1,0,7,-1,0,0,0,-1
20181110180785,80,3,38,-1,0,2,-1,60,0,0,-1
20181110180813,85,4,56,5,0,2,-1,0,0,0,0
20181110180813,85,3,43,-1,0,3,-1,60,0,0,-1
20181110180815,74,3,39,-1,0,4,-1,0,0,0,-1
20181110180907,80,4,43,2,0,4,-1,60,0,0,0
20181110180942,85,2,33,-1,0,6,-1,60,0,0,-1
20181110180956,77,4,20,2,1,2,2,0,0,0,0
20181110180969,80,1,47,-1,0,3,-1,60,0,0,-1
20181110180972,65,1,26,-1,1,7,7,0,0,0,-1
20181110180994,85,4,33,4,0,3,-1,60,0,0,0
20181110181067,68,4,43,3,0,2,-1,0,0,0,0
20181110181067,72,4,49,4,0,3,-1,0,0,0,0
20181110181074,72,4,38,4,0,3,-1,0,0,0,0
20181110181092,85,4,41,3,0,4,-1,60,0,0,0
20181110181092,85,4,41,3,0,5,-1,60,0,0,0
20181110181116,80,4,39,2,0,2,-1,60,0,0,0
20181110181156,85,4,33,10,0,4,-1,60,0,0,0
20181110181192,85,4,33,10,0,2,-1,60,0,0,0
20181110181210,69,4,33,2,0,5,-1,0,0,0,0
20181110181210,73,4,34,3,0,6,-1,0,0,0,0
20181110181316,74,4,33,2,0,2,-1,0,0,0,0
20181110181333,85,4,47,12,0,4,-1,0,0,0,0
20181110181360,85,4,39,2,0,3,-1,60,0,0,0
20181110181381,85,4,47,5,0,5,-1,60,0,0,0
20181110181418,85,4,43,7,0,3,-1,60,0,0,0
20181110181418,80,3,43,-1,0,4,-1,60,0,0,-1
20181110181451,85,4,39,4,0,3,-1,60,0,0,0
20181110181479,85,2,43,-1,0,5,-1,60,0,0,-1
20181110181481,72,1,43,-1,0,2,-1,0,0,0,-1
20181110181491,85,4,47,2,0,7,-1,60,0,0,0
20181110181513,80,4,33,20,0,3,-1,60,0,0,0
20181110181519,85,3,34,-1,0,2,-1,60,0,0,-1
20181110181521,65,1,43,-1,0,2,-1,0,0,0,-1
20181110181553,85,2,39,-1,0,3,-1,60,0,0,-1
20181110181588,74,4,33,2,0,2,-1,0,0,0,0
20181110181588,80,3,34,-1,0,3,-1,60,0,0,-1
20181110181591,85,4,47,10,0,3,-1,60,0,0,0
20181110181606,67,4,35,5,0,3,-1,0,0,0,0
20181110181623,85,4,39,10,0,4,-1,60,0,0,0
20181110181672,85,3,47,-1,0,4,-1,0,0,0,-1
20181110181682,55,1,20,-1,1,2,2,0,0,0,-1
20181110181695,80,4,48,6,0,6,-1,60,0,0,0
20181110181788,85,3,44,-1,0,5,-1,60,0,0,-1
20181110181819,85,2,47,-1,0,8,-1,60,0,0,-1
20181110181869,67,4,39,4,0,5,-1,0,0,0,0
20181110181886,80,1,34,-1,0,3,-1,0,0,0,-1
20181110181907,85,4,33,3,0,3,-1,60,0,0,0
20181110181917,70,4,34,10,0,6,-1,0,0,0,0
20181110181917,85,4,44,2,0,7,-1,60,0,0,0
20181110181935,80,4,39,3,0,3,-1,60,0,0,0
20181110181935,80,4,40,3,0,4,-1,60,0,0,0
20181110181949,69,1,33,-1,0,5,-1,0,0,0,-1
20181110181949,72,1,34,-1,0,6,-1,0,0,0,-1
20181110181950,80,3,20,-1,1,2,2,0,0,0,-1
20181110182058,85,4,39,2,0,3,-1,60,0,0,0
20181110182103,79,4,24,10,1,5,5,0,0,0,0
20181110182106,75,3,24,-1,1,2,2,0,0,0,-1
20181110182141,85,4,26,4,1,3,3,0,0,0,0
20181110182142,79,3,48,-1,0,3,-1,0,0,0,-1
20181110182142,79,3,47,-1,0,4,-1,0,0,0,-1
20181110182151,85,4,33,10,0,7,-1,60,0,0,0
20181110182170,85,4,39,10,0,3,-1,60,0,0,0
20181110182170,85,4,34,5,0,4,-1,0,0,0,0
20181110182246,85,3,43,-1,0,2,-1,60,0,0,-1
20181110182246,80,4,43,2,0,3,-1,0,0,0,0
20181110182246,76,2,43,-1,0,4,-1,0,0,0,-1
20181110182247,85,4,34,3,0,3,-1,0,0,0,0
20181110182258,85,1,33,-1,0,3,-1,60,0,0,-1
20181110182268,85,4,33,5,0,2,-1,60,0,0,0
20181110182284,85,4,49,5,0,2,-1,60,0,0,0
20181110182295,73,1,34,-1,0,5,-1,0,0,0,-1
20181110182295,73,1,33,-1,0,6,-1,0,0,0,-1
20181110182297,85,1,41,-1,0,3,-1,60,0,0,-1
20181110182313,72,2,56,-1,0,5,-1,42,0,0,-1
20181110182313,80,2,56,-1,0,6,-1,61,0,0,-1
20181110182313,85,2,56,-1,0,7,-1,61,0,0,-1
20181110182313,55,2,56,-1,0,8,-1,42,0,0,-1
20181110182313,85,2,56,-1,0,9,-1,61,0,0,-1
20181110182316,85,2,33,-1,0,2,-1,60,0,0,-1
20181110182387,78,3,47,-1,0,2,-1,0,0,0,-1
20181110182457,85,4,44,5,0,4,-1,60,0,0,0
20181110182493,80,1,33,-1,0,3,-1,60,0,0,-1
20181110182510,85,4,39,6,0,4,-1,60,0,0,0
20181110182524,76,4,39,5,0,7,-1,0,0,0,0
20181110182526,76,4,34,10,0,2,-1,0,0,0,0
20181110182535,85,4,41,6,0,3,-1,60,0,0,0
20181111180541,65,4,38,3,0,2,-1,0,0,0,0
20181111180580,85,4,33,2,0,3,-1,60,0,0,0
20181111180580,68,1,43,-1,0,4,-1,0,0,0,-1
20181111180985,72,4,43,5,0,5,-1,0,0,0,0
20181111180985,71,1,43,-1,0,6,-1,0,0,0,-1
20181111180991,85,4,34,20,0,3,-1,60,0,0,0
20181111180991,80,4,33,10,0,4,-1,60,0,0,0
20181111180991,78,4,39,8,0,5,-1,0,0,0,0
20181111181003,25,2,37,-1,0,5,-1,0,0,0,-1
20181111181146,85,3,33,-1,0,2,-1,60,0,0,-1
20181111181371,85,1,34,-1,0,2,-1,0,0,0,-1
20181111181371,80,1,33,-1,0,3,-1,60,0,0,-1
20181111181417,79,1,20,-1,1,2,2,0,0,0,-1
20181111181587,80,4,33,10,0,2,-1,0,0,0,0
20181111181587,85,4,41,6,0,3,-1,60,0,0,0
20181111181683,68,4,39,10,0,5,-1,0,0,0,0
20181111182047,80,4,33,2,0,4,-1,60,0,0,0
20181111182047,85,3,34,-1,0,5,-1,0,0,0,-1
20181111182244,85,4,44,3,0,4,-1,60,0,0,0
20181111182244,71,4,33,15,0,5,-1,0,0,0,0
20181111182244,70,4,34,15,0,6,-1,0,0,0,0
20181111182426,75,4,43,2,0,9,-1,42,0,0,0
20181111182487,76,1,36,-1,0,5,-1,0,0,0,-1
20181209181278,80,4,20,11,1,2,2,0,0,0,0
20181210180509,85,3,38,-1,0,2,-1,60,0,0,-1
20181210180579,85,2,48,-1,0,2,-1,60,0,0,-1
20181210180715,55,4,24,2,1,2,2,0,0,0,0
20181210181344,80,4,33,10,0,3,-1,60,0,0,0
20181210181344,85,4,34,10,0,4,-1,60,0,0,0
20181210181345,85,4,47,5,0,5,-1,60,0,0,0
20181210181411,85,4,33,10,0,5,-1,0,0,0,0
20181210181544,80,4,33,13,0,5,-1,60,0,0,0
20181210181871,85,4,33,9,0,3,-1,60,0,0,0
20181210181908,85,3,47,-1,0,5,-1,60,0,0,-1
20181210182366,77,4,33,2,0,2,-1,0,0,0,0
20181210182370,60,3,47,-1,0,5,-1,0,0,0,-1
20181210182370,62,4,48,4,0,6,-1,0,0,0,0
20181210182531,80,4,33,5,0,4,-1,60,0,0,0
20181211180072,85,4,43,8,0,2,-1,60,0,0,0
20181211180077,80,4,39,8,0,3,-1,60,0,0,0
20181211180103,52,2,33,-1,0,2,-1,0,0,0,-1
20181211180108,70,1,43,-1,0,2,-1,0,0,0,-1
20181211180501,85,4,43,2,0,3,-1,60,0,0,0
20181211180504,80,3,26,-1,1,2,2,0,0,0,-1
20181211180506,85,1,39,-1,0,5,-1,60,0,0,-1
20181211180513,85,4,33,8,0,2,-1,60,0,0,0
20181211180521,85,4,43,10,0,3,-1,60,0,0,0
20181211180589,79,4,37,4,0,2,-1,0,0,0,0
20181211180647,69,4,20,5,1,2,2,0,0,0,0
20181211180649,70,4,33,5,0,3,-1,0,0,0,0
20181211180649,70,4,34,2,0,4,-1,0,0,0,0
20181211180677,58,4,33,2,0,5,-1,0,0,0,0
20181211180677,59,1,34,-1,0,6,-1,0,0,0,-1
20181211180680,80,4,39,8,0,4,-1,60,0,0,0
20181211180680,78,4,43,3,0,5,-1,0,0,0,0
20181211180680,78,4,43,5,0,6,-1,0,0,0,0
20181211180689,80,4,47,2,0,7,-1,60,0,0,0
20181211180695,85,4,43,2,0,2,-1,61,0,0,0
20181211180708,64,1,49,-1,0,2,-1,0,0,0,-1
20181211180721,80,4,41,2,0,2,-1,60,0,0,0
20181211180721,85,4,42,2,0,3,-1,60,0,0,0
20181211180749,72,4,34,3,0,3,-1,0,0,0,0
20181211180759,73,3,33,-1,0,3,-1,0,0,0,-1
20181211180787,85,3,43,-1,0,3,-1,60,0,0,-1
20181211180804,68,4,33,5,0,8,-1,0,0,0,0
20181211180804,70,4,34,5,0,9,-1,0,0,0,0
20181211180804,85,4,47,3,0,10,-1,60,0,0,0
20181211180833,70,1,44,-1,0,6,-1,0,0,0,-1
20181211180833,71,4,47,3,0,7,-1,0,0,0,0
20181211180863,65,4,41,15,0,4,-1,0,0,0,0
20181211180897,85,4,33,17,0,2,-1,60,0,0,0
20181211180912,80,3,44,-1,0,2,-1,0,0,0,-1
20181211180914,85,1,56,-1,0,3,-1,60,0,0,-1
20181211180919,73,2,33,-1,0,2,-1,0,0,0,-1
20181211180937,79,4,33,4,0,5,-1,0,0,0,0
20181211181001,85,4,33,6,0,3,-1,60,0,0,0
20181211181023,85,4,34,15,0,2,-1,60,0,0,0
20181211181047,63,2,34,-1,0,5,-1,0,0,0,-1
20181211181053,60,1,56,-1,0,2,-1,0,0,0,-1
20181211181077,72,2,33,-1,0,2,-1,0,0,0,-1
20181211181086,85,4,47,2,0,4,-1,60,0,0,0
20181211181096,80,4,44,15,0,3,-1,0,0,0,0
20181211181113,85,2,39,-1,0,4,-1,60,0,0,-1
20181211181124,80,4,20,10,1,2,2,0,0,0,0
20181211181131,76,4,20,3,1,2,2,0,0,0,0
20181211181140,80,4,34,2,0,4,-1,60,0,0,0
20181211181172,85,4,39,7,0,3,-1,60,0,0,0
20181211181212,80,4,43,4,0,4,-1,0,0,0,0
20181211181224,72,4,37,2,0,2,-1,0,0,0,0
20181211181226,85,4,41,2,0,4,-1,60,0,0,0
20181211181226,85,4,42,2,0,5,-1,60,0,0,0
20181211181247,85,4,33,20,0,2,-1,60,0,0,0
20181211181272,80,3,47,-1,0,5,-1,61,0,0,-1
20181211181272,85,3,48,-1,0,6,-1,0,0,0,-1
20181211181272,57,4,39,2,0,7,-1,0,0,0,0
20181211181319,80,3,24,-1,1,2,2,0,0,0,-1
20181211181353,66,4,56,4,0,5,-1,0,0,0,0
20181211181443,80,4,39,1,0,3,-1,0,0,0,0
20181211181443,80,4,40,1,0,4,-1,60,0,0,0
20181211181448,85,4,56,3,0,2,-1,60,0,0,0
20181211181457,79,4,47,1,0,4,-1,0,0,0,0
20181211181471,60,1,43,-1,0,2,-1,0,0,0,-1
20181211181480,85,3,43,-1,0,2,-1,60,0,0,-1
20181211181504,63,4,20,4,1,2,2,0,0,0,0
20181211181538,85,4,43,15,0,2,-1,61,0,0,0
20181211181538,85,4,43,15,0,3,-1,61,0,0,0
20181211181538,85,4,43,15,0,4,-1,61,0,0,0
20181211181538,79,4,43,15,0,5,-1,42,0,0,0
20181211181538,85,4,43,15,0,6,-1,61,0,0,0
20181211181558,75,4,33,5,0,6,-1,0,0,0,0
20181211181568,78,4,38,4,0,2,-1,0,0,0,0
20181211181615,65,4,20,6,1,2,2,0,0,0,0
20181211181620,71,4,33,2,0,3,-1,0,0,0,0
20181211181620,75,4,34,2,0,4,-1,0,0,0,0
20181211181625,80,4,33,2,0,2,-1,60,0,0,0
20181211181678,80,4,44,3,0,8,-1,60,0,0,0
20181211181678,74,4,34,10,0,9,-1,0,0,0,0
20181211181678,76,4,39,7,0,10,-1,0,0,0,0
20181211181690,85,4,33,13,0,4,-1,60,0,0,0
20181211181749,85,3,35,-1,0,2,-1,60,0,0,-1
20181211181771,74,4,48,12,0,7,-1,0,0,0,0
20181211181771,60,1,44,-1,0,8,-1,0,0,0,-1
20181211181771,60,1,44,-1,0,9,-1,0,0,0,-1
20181211181780,74,4,47,10,0,3,-1,0,0,0,0
20181211181813,71,4,33,10,0,3,-1,0,0,0,0
20181211181830,80,4,43,3,0,2,-1,0,0,0,0
20181211181841,79,3,33,-1,0,3,-1,0,0,0,-1
20181211181841,76,3,34,-1,0,4,-1,0,0,0,-1
20181211181925,85,1,40,-1,0,3,-1,60,0,0,-1
20181211181925,85,2,39,-1,0,4,-1,60,0,0,-1
20181211181929,80,4,47,3,0,4,-1,60,0,0,0
20181211181966,80,4,33,10,0,2,-1,60,0,0,0
20181211181972,68,4,47,3,0,3,-1,0,0,0,0
20181211182015,85,4,43,12,0,2,-1,60,0,0,0
20181211182105,85,4,24,6,1,4,4,0,0,0,0
20181211182124,85,4,41,4,0,2,-1,60,0,0,0
20181211182146,85,3,37,-1,0,2,-1,60,0,0,-1
20181211182146,85,4,37,3,0,3,-1,60,0,0,0
20181211182166,80,4,34,4,0,4,-1,60,0,0,0
20181211182183,71,4,33,2,0,4,-1,0,0,0,0
20181211182201,62,1,35,-1,0,3,-1,0,0,0,-1
20181211182218,68,1,43,-1,0,3,-1,0,0,0,-1
20181211182218,85,4,33,5,0,4,-1,60,0,0,0
20181211182231,59,4,43,1,0,3,-1,0,0,0,0
20181211182283,77,4,33,7,0,2,-1,0,0,0,0
20181211182295,80,4,33,10,0,7,-1,60,0,0,0
20181211182295,70,4,26,2,1,6,6,0,0,0,0
20181211182405,79,2,43,-1,0,2,-1,0,0,0,-1
20181211182472,77,2,33,-1,0,2,-1,0,0,0,-1
20181211182479,85,4,37,3,0,2,-1,60,0,0,0
20181211182479,80,1,43,-1,0,3,-1,60,0,0,-1
20181211182519,76,4,20,3,1,2,2,0,0,0,0
20181211182528,80,4,39,6,0,5,-1,60,0,0,0
20181211182528,71,4,44,14,0,6,-1,0,0,0,0
20181212180151,62,4,20,2,1,2,2,0,0,0,0
20181212180513,65,3,43,-1,0,3,-1,0,0,0,-1
20181212180513,40,1,43,-1,0,4,-1,0,0,0,-1
20181212180513,60,4,43,2,0,5,-1,0,0,0,0
20181212180513,60,4,43,2,0,6,-1,0,0,0,0
20181212180729,70,4,43,2,0,2,-1,0,0,0,0
20181212181197,85,1,56,-1,0,2,-1,60,0,0,-1
20181212181398,85,4,33,5,0,2,-1,60,0,0,0
20181212181510,85,4,56,5,0,2,-1,60,0,0,0
20181212181510,85,4,56,5,0,3,-1,60,0,0,0
20181212181538,75,4,44,2,0,2,-1,0,0,0,0
20181212181584,60,1,43,-1,0,3,-1,0,0,0,-1
20181212181687,85,4,24,3,1,2,2,0,0,0,0
20181212181695,80,3,20,-1,1,2,2,60,0,0,-1
20181212181869,85,4,39,9,0,3,-1,60,0,0,0
20181212181879,85,4,47,5,0,5,-1,0,0,0,0
20181212182015,74,4,33,3,0,3,-1,0,0,0,0
20181212182023,80,4,34,3,0,2,-1,0,0,0,0
20181212182023,80,4,41,3,0,3,-1,60,0,0,0
20181212182252,85,4,47,5,0,5,-1,60,0,0,0
20181212182252,80,2,48,-1,0,6,-1,60,0,0,-1
20181212182252,62,4,33,3,0,7,-1,0,0,0,0
20181212182254,80,4,34,2,0,3,-1,60,0,0,0
20181212182323,55,4,26,2,1,4,4,0,0,0,0
20181212182342,80,2,24,-1,1,2,2,0,0,0,-1
20181212182505,85,4,33,2,0,2,-1,60,0,0,0
